-34979 -36474 63453 -7529
-34979 -36474 -64230 67928
14379 -72383 -26846 18000
14379 -72383 95000 40409
50655 9575 2097 44126
-48164 -41979 -82050 7430
-48164 -41979 93874 -21329
15379 -71594 -47847 1426
-6073 87526 39033 -79709
-6073 87526 -29945 -83783
68371 -27501 51805 -70165
-5839 -32215 -59432 52830
-19913 -81387 96032 -16452
-19913 -81387 14882 33659
-7616 -69142 27394 9594
-12940 92398 11635 73834
-69803 -39970 42944 74372
-96548 25662 -13812 59055
20067 -45544 -98161 30643
20067 -45544 -16488 63816
-97129 -14097 9134 45254
-70298 -13297 -65108 67088
56218 -69970 -24302 -31596
-86754 -44642 -8255 98040
-86754 -44642 -10736 -83716
-86754 -44642 42280 80658
98373 39957 -36642 -38735
98373 39957 13544 -70271
-53585 79102 -59629 -60378
72248 -31607 -29602 16059
72248 -31607 -46240 17952
-98380 -11228 35396 -14989
99923 37177 -69192 19637
99923 37177 26588 78395
34188 -48226 95000 40409
34188 -48226 -89236 -43523
98149 38379 -31929 -5608
64075 -8346 -48028 -19323
52990 -70429 43493 -21955
-64870 36586 -64669 -38171
3185 41391 27802 67014
3185 41391 -79092 46009
-13778 -83837 -32812 35004
-13778 -83837 33474 -19197
-13778 -83837 -63857 50408
43878 36195 -6304 82006
43878 36195 -55671 -68574
43878 36195 -63531 -35190
-65479 38348 -51887 -75168
53979 63993 -58995 73180
53979 63993 61437 -43807
10890 -43215 94565 -18270
2376 8864 35657 -58311
-46920 1291 -4078 -68746
-46920 1291 -12141 -80618
-98974 26241 37132 46891
-98974 26241 73323 16232
42959 -44499 -89193 -37854
42959 -44499 -7107 -25928
76252 42042 61437 -43807
-59941 20097 -94351 27517
-33838 -77198 14712 -67850
43285 82520 63006 -45735
43285 82520 -50175 77265
100077 -551 14064 31550
100077 -551 48747 -21866
32134 -84815 76327 -58553
32134 -84815 12396 -69585
-7222 77358 -76413 -55908
30156 -12145 11664 -70948
-7306 4174 -89374 22935
42560 70186 -61737 47953
11007 -10609 -90246 23639
28890 -19018 38244 73375
66248 -40233 -24780 -33012
66248 -40233 83619 24495
-57317 80808 18736 -96209
12345 78592 -27843 -7523
-55756 -70095 15756 -68188
-88922 -28780 -60199 22778
45674 -10201 37445 72955
-54829 -70230 -3701 -65341
31681 71634 -78266 -55635
-32929 -38420 20398 33353
-35422 -84446 47972 84363
-35422 -84446 -83235 5624
-86217 20808 -73615 48845
-86217 20808 15203 80320
-86217 20808 -45704 -16351
32693 44253 -5771 81623
32693 44253 7159 5080
7054 80476 83270 -47076
13682 -71940 -12213 8692
46422 -22088 -8523 -67633
16676 -44880 -26955 16691
49633 78865 -70313 31013
-84420 9683 1594 -89297
-84420 9683 47835 8516
-22367 -4104 -102649 6786
41857 73575 -46970 -23224
-55962 71822 -9721 92494
10934 -70481 45496 -21952
5116 7769 -21869 -35298
-44916 13746 -57571 50641
-599 -37068 72245 -12697
54866 -71185 4097 -6093
82506 -43643 23103 8380
82506 -43643 -96694 32461
26376 19476 73604 11096
26376 19476 20475 80926
26376 19476 25605 79180
-3841 -66854 -51888 -38442
-3841 -66854 -29452 38942
-8406 -70755 43978 43469
-8406 -70755 -84751 3315
-54847 41420 88718 -4761
-25733 -7412 -31961 76263
-25733 -7412 92836 37195
30468 16485 -12312 73910
30468 16485 28383 48383
-87044 -36786 -2167 -66933
-87044 -36786 85760 -39940
-94625 -24346 59567 -70316
43912 -29200 44194 81732
-20777 -95862 65454 29270
-20777 -95862 -87715 -28862
-20777 -95862 8725 -100215
47296 69695 81354 -46562
-71981 -52657 -100287 9098
72496 -10255 -5879 -88348
-9108 -53119 -83910 7960
-45399 -19313 8872 -8563
-45399 -19313 -61556 -20980
77149 36212 42611 78618
-52055 -74530 -61955 24956
-52055 -74530 -9735 55256
80090 43969 -19154 -84264
-50146 36709 -9998 94166
-23607 -6168 -76597 50130
-48664 14690 21147 30824
-48664 14690 -87612 4264
-74760 -14065 28590 83227
97286 -1688 72672 55432
-25055 -33535 72031 -29245
8022 45166 -73780 -12253
-49752 72705 32250 16542
-8911 96614 -72974 -14703
-82730 -39494 -92755 -10061
31309 18124 -29980 39492
34639 49191 -46626 -22063
-51932 37347 27503 80779
-87571 2255 67778 66684
91521 -22281 74820 41017
-45841 75646 -49888 -45227
-43854 -77894 -95117 32184
84093 -6630 42280 80658
38915 -42167 -4279 -86828
-20648 61622 47000 -28243
-20648 61622 77493 -57800
84763 17516 -14897 73861
-12983 91375 12543 95314
-12983 91375 -77019 47073
-53286 73228 -65918 62968
-53286 73228 67747 43765
-3858 -89993 30065 24290
-60047 -57511 -44798 18896
58135 -70726 -64567 -15722
76062 13718 -25247 -35581
20424 -91249 -92761 -23350
-59314 -15633 -52181 -72597
-59314 -15633 -10536 -27557
-59314 -15633 17544 -96921
-8612 34027 12335 98045
-8612 34027 13331 -75685
-69510 65101 22140 28424
-66431 -56607 89269 -93
-13135 2981 33044 47998
50648 -70667 92672 -16963
-61155 -54149 -21533 -51712
64243 64300 -13323 52319
-43385 17516 -89722 -28529
-43385 17516 -22354 -53473
-58296 -56999 -81568 8145
47371 -7033 1818 6423
39133 -72434 -8175 -65236
39133 -72434 62904 27524
57427 -56054 33035 -55220
41425 -42906 -56978 -71299
41425 -42906 70006 43344
-8739 75806 -44560 -23330
-81568 8145 -12407 -79655
74489 16985 7780 -104200
44925 39496 -28300 12673
44925 39496 51536 -51360
49982 -49725 1694 8456
48396 -26137 -49962 17402
-73264 -6847 -2823 -68359
-6005 -89612 75146 16291
-48541 71532 6820 41176
20232 29670 -29452 38942
56783 -73117 -36172 34493
56783 -73117 -7107 -25928
-17392 -36111 -88894 24853
-95463 31941 -36591 -72797
-95463 31941 -68452 -31577
-47650 -72026 -15391 -91038
-47650 -72026 -31761 71733
-87047 -28072 -99569 7927
20475 80926 95653 34259
20475 80926 104218 -706
-81460 4421 -60555 21196
-38381 -73886 -57882 54814
-30987 75312 -46182 12571
-30987 75312 -10140 95361
47288 -22775 -26697 -53206
-14424 -53161 27719 8833
-64062 17891 -7810 73843
65162 24510 -14665 4099
-74238 -55981 -52890 78893
-27675 37570 -17092 58488
-50175 77265 41133 -79220
67841 -38400 7228 -36436
67841 -38400 -58236 -71513
48842 -52726 25628 71495
48842 -52726 50330 16638
-49069 -17701 85943 -42401
102276 1134 -32125 -3835
102276 1134 -13860 54933
75348 -11793 -65768 -56050
86938 17443 -60565 75396
85829 17458 -37274 75079
85829 17458 25470 80898
85829 17458 -45696 -230
-77067 -50544 6511 -35266
-12291 -48351 -17074 -92166
-12291 -48351 -97642 26411
-12291 -48351 74532 55920
60635 -63167 -34337 94155
49412 -45026 13654 -90217
-72533 -8458 -18171 -34525
-46122 41857 -94498 -13935
-46122 41857 7757 -7838
44230 -28825 37514 73842
-12709 54950 51360 9060
48210 66452 62168 21541
99268 3716 31043 -58066
40133 -59125 -91633 25949
-15759 56776 -55674 73523
-42129 -72942 20836 34997
-42129 -72942 -101649 3098
-42129 -72942 27684 48204
67632 -43866 -53843 43282
-16402 -55016 69271 47787
-16402 -55016 73967 -28210
-16402 -55016 -7810 73843
-54631 -44940 53771 69618
-68424 35300 9968 -11164
24057 3128 62463 66642
8085 -11431 -28874 40900
65830 48071 55865 -60973
16206 -72710 -65206 24869
16206 -72710 -31829 -40912
12392 -47373 63018 69047
12392 -47373 80976 18925
41767 -43705 -64169 -54530
6709 9602 -55325 -73799
44272 -21761 36636 -74504
-67030 70444 -16 -91004
-67030 70444 -29945 -83783
-67030 70444 -40740 -74081
31659 -18436 -19917 61155
51487 63635 -6666 80700
-57843 76099 29786 2678
-57843 76099 -7493 81764
-57843 76099 -22869 -38947
-101000 7517 -56990 -19448
-35411 -35444 72524 -29154
40009 -85894 -89052 -35883
41582 80479 98766 -2881
49676 7763 22664 82188
64634 44266 -22702 -3219
64634 44266 80976 18925
85097 -43161 -31307 -1726
-60000 77090 75074 -18133
-27711 44956 -16340 -96609
-27711 44956 -66465 67547
-23814 -3307 -72264 -9945
-22463 59410 85123 18204
-29246 90583 -46265 11844
-46008 -74548 -49880 -38075
73273 -31683 -51146 17666
59741 65939 81209 17893
59741 65939 -17317 -96530
-10736 -83716 -96694 32461
-46825 69309 -29220 87847
-46825 69309 -65287 -33011
19905 33263 -22573 -36512
19905 33263 -67396 24257
63508 -37719 32745 -85807
54422 -67229 13415 -89160
-61479 -52231 -14732 -91981
93132 41186 73422 -64553
93132 41186 81190 53099
-61887 17818 -53478 75378
-61887 17818 46773 78678
-61073 -57434 -23253 17289
66889 -30779 82921 -1323
-13418 -95787 -89083 27695
-51636 39782 21289 29630
-60073 -56645 -44254 714
-60073 -56645 52396 13461
-60073 -56645 -15511 -80559
96364 -866 92039 38154
28102 22260 37373 -47362
28102 22260 -18325 -91269
-17151 60594 -26438 -6666
-56990 -19448 10145 76907
-45619 -14831 13499 -102685
7775 76256 68120 41536
-9229 -24832 11766 -102209
83912 -441 46067 -49301
25605 79180 -12080 70925
30168 5294 -65870 21155
1442 43505 64396 22633
1442 43505 -4729 -70321
-78094 49004 7847 17477
-78094 49004 -7337 56418
-51146 17666 -21651 -56862
64452 -37492 12937 -90576
67490 -42671 -50871 18189
-3331 -90542 18988 35835
62188 24204 47794 10524
-81587 47308 81190 53099
13253 100072 -27886 -8546
-64362 -19690 53820 12614
-6489 84241 47766 -10738
-18003 -78945 55918 -67716
-47134 -78461 -26244 44092
10475 73655 11426 96158
10475 73655 -33831 71326
10475 73655 -94639 -12740
7004 46670 -52404 -43847
2130 47038 49961 -51562
73422 -64553 -95117 32184
77446 10085 -54310 40713
32774 -59200 62904 27524
44302 42708 -15213 -54774
-8199 -32410 -9873 56925
-80943 -53346 87908 23573
45926 40286 -49302 -3902
-31013 76178 -45638 -5611
-29164 32404 -90399 -29238
-29164 32404 9156 -102419
-29164 32404 63525 -10767
59719 -13122 43441 80967
1189 20298 61731 -10233
-12655 36965 97231 36352
-12655 36965 78733 43461
-72602 68670 87064 -46514
10727 -100213 12590 -66754
35227 -46981 73182 14261
35227 -46981 39084 -86063
70915 -13754 27334 -14869
70915 -13754 -79921 6013
70915 -13754 -31914 -32676
-49114 -42741 -62095 23442
-11069 1713 -10334 74614
-6148 -86051 78150 -58494
-86263 25679 -72649 -53447
-52377 14375 99122 37428
-12593 77628 36370 -61586
48791 9789 41254 39634
70532 -10890 35385 -75022
4002 21654 2651 -38704
29318 69322 -28651 -7082
98710 1274 42757 -6787
98710 1274 -36028 -77811
63558 66652 1048 2914
18080 -72003 -104575 10019
18080 -72003 28618 8074
3399 -38009 -11723 7076
-56035 72835 -8192 71227
-45800 -80173 -54244 80045
-45800 -80173 -4139 -84857
43027 -5772 93035 -20053
-62457 -54942 5815 -35056
4675 1524 -12609 95841
32773 -88981 62904 28942
-76518 -50925 -5025 -27274
-20314 -36933 -27522 42114
-81676 48043 83067 37668
82898 -44846 14882 33659
82898 -44846 -65765 -35570
82898 -44846 -11505 -26966
85943 -42401 -58236 -71513
85943 -42401 -64329 -16779
-10994 -81035 -91265 -23836
-48629 -74736 5157 -34114
-48629 -74736 44831 -25667
79848 37404 -14066 53600
77998 14753 -65895 -57314
77998 14753 17210 -89980
-85901 22927 -80253 4339
-85901 22927 -51760 -1017
40262 72382 -13479 1820
40262 72382 34384 -87061
-14841 -50097 36477 -55504
-14841 -50097 94639 34364
95926 -17857 -17672 -51890
13331 -75685 -4849 87334
13331 -75685 12053 -90507
48629 -51732 30103 50604
14195 -90361 38036 -41999
14195 -90361 -52338 72656
-82436 50920 99010 -22753
-51896 -71770 -65287 -33011
-51896 -71770 46070 80977
-9630 -52378 -72940 -7608
-9630 -52378 78817 44982
-2627 82440 -33343 27086
2670 48289 38617 -77840
2670 48289 23512 30237
-92742 25987 63416 -59921
-19247 -96980 33335 52758
-83910 7960 -68615 -10440
-56837 -69327 50695 -52999
-56837 -69327 38475 -84302
-32710 75832 -10004 1655
-32710 75832 11978 -101109
-27362 93262 -85844 -44414
73765 58465 74344 -65376
73765 58465 26169 -17378
-42938 -68675 37815 -54619
-42938 -68675 67747 43765
31867 51663 11583 -73986
2714 -10508 83924 21533
97899 -226 59802 24716
53561 66860 -50208 12974
53561 66860 14712 -67850
13778 -92250 46801 -2334
-30698 -2317 72300 -30732
-84860 -38077 -48030 -39812
-76730 -56339 -561 86413
-77126 -52633 7747 8594
-46968 -74777 -29721 -33271
-46968 -74777 74255 -64641
-44611 -69966 72962 -27510
-18990 -94983 27936 10824
-18990 -94983 88787 -808
85826 24920 -37224 -81616
-31590 37259 65113 65017
84446 17085 -8236 82916
84446 17085 -8192 71227
32744 -12157 -42696 -70697
-37234 28440 79078 53998
-11536 93255 -17860 55836
-4967 -70767 -28252 43725
-4967 -70767 14201 99986
-68452 -31577 14587 -101888
35600 72767 84411 -6254
78524 -65378 -14003 58495
30283 44415 44843 78227
-77514 48103 -4334 36405
-56556 -74463 32574 23550
97706 -1202 63838 45224
-20122 -95240 51713 16212
24352 84849 14233 -48125
30867 66693 -61180 48120
10181 -71246 61303 -5873
34384 -87061 29074 -11378
-8638 6189 -61388 -19384
-8638 6189 9503 -100021
-8638 6189 51713 16212
9675 -8594 -62260 -18680
-59630 -15489 -45544 -75623
-59630 -15489 -85036 -36419
-101675 5834 -42816 15880
39094 -59680 -69811 37610
25337 18231 95422 37244
25337 18231 75785 39473
25337 18231 -17649 -35266
-46887 13317 -16177 59643
-70546 31627 54529 65972
-70546 31627 -78639 -49580
-35635 -81169 52452 15542
-80525 53361 58895 -74016
-16396 5233 101527 702
22459 86157 53991 -75578
-27768 12289 33741 47555
73146 -29971 -48460 -18293
50378 -71683 98347 4365
37151 -87622 -29024 392
-50341 -74325 41109 -42762
-50341 -74325 -58444 72941
-50341 -74325 -26934 -5636
-50341 -74325 -14897 73861
78068 39746 23314 4409
-37071 -69530 -85382 -36662
-51707 75132 73300 -34420
-26890 -52060 51343 -46843
-53546 -77131 -30637 79583
56434 -72332 -28849 17998
-67180 -32590 -12141 -80618
43373 75126 -78822 -55801
43373 75126 81354 -46562
43373 75126 39987 37549
6557 -40137 -78033 51748
6557 -40137 -50342 -72929
-55028 78158 -29337 -40554
-55028 78158 77467 36588
99510 1694 25972 -15604
-62055 47578 49240 78076
-49887 -19811 103122 1895
-12322 7382 15979 -44436
-89543 21339 -3761 37680
-89543 21339 -7319 58209
-53928 79900 -52437 -77146
-53928 79900 66192 28600
-13497 -29812 101389 2371
48096 -51348 41288 42545
78297 8879 -72184 66032
78297 8879 99333 40186
71812 -19252 8505 100582
47691 80705 -29526 -7624
47691 80705 29601 65518
47691 80705 -7452 34206
6432 76593 96322 34465
6432 76593 -31841 91807
71489 -33555 -13668 56979
-71140 31660 66996 65283
-52181 -72597 64085 21027
-52181 -72597 -23252 -55109
-48252 43274 -49773 -43686
45906 -27494 2323 45892
13293 78507 -47748 -5722
13293 78507 -87230 -35824
13293 78507 58238 -11929
99641 -2339 23209 69096
75216 55799 43875 -9384
-30310 32821 -66315 -37992
61769 -41210 69275 -12500
-34598 90175 66112 20411
43462 38063 2439 42770
-33477 73955 6103 41061
-67110 62256 75908 9174
-67110 62256 -28254 88182
-64900 21908 9801 -10526
-64900 21908 95382 38940
-64900 21908 35118 51750
-37535 33146 85394 -44822
-71256 -6481 -44990 -76052
-99134 31302 40491 -59380
76568 -61993 27065 -12572
76568 -61993 11755 98946
76568 -61993 -19786 57121
-43912 -17174 -22354 -53473
18109 36004 15144 -94076
16793 29682 42778 38686
-93923 29021 -68926 -11484
71047 -17788 24570 69832
71047 -17788 75773 58241
71047 -17788 -45259 -74796
-52509 -41267 9210 -7518
53535 67726 -49664 -5208
53535 67726 77515 14038
74550 40002 97196 -954
4926 10610 -17894 -94973
4926 10610 -76649 49255
-4729 -70321 -33243 34360
59974 65036 76322 36859
59974 65036 67843 -13525
8683 97736 83619 24495
8683 97736 68077 40513
-70728 -33711 62368 -57078
-26350 -50809 39999 -73121
-26350 -50809 -76199 -48421
-7044 -90857 96964 42439
23377 9303 76744 -63035
23377 9303 12366 -67281
23377 9303 -68109 -37457
23377 9303 87034 1127
802 -87299 -67796 -32272
802 -87299 7088 20767
802 -87299 -1143 -35694
637 6792 72186 -14786
637 6792 48316 38832
11712 -41198 77299 -60630
44978 40371 -29397 -5703
82089 -40579 31861 -55957
82089 -40579 54529 65972
82089 -40579 82612 -5437
100778 8 -670 19810
-31961 76263 -17900 60162
-31961 76263 33183 21788
-6725 -26365 -40817 -70020
-49231 16935 33055 -16330
-66195 64640 -47470 38115
-66195 64640 -48929 775
-29937 87731 -31761 71733
-29937 87731 -94289 -8469
-102918 8273 -16724 -35322
-6742 38964 -26934 -5636
84875 -3750 25840 20183
-40352 -74315 -16488 63816
79633 19262 11766 -102209
79633 19262 92836 37195
-68240 36645 6091 -39417
-83235 5624 -23291 -4049
-83235 5624 73740 11750
-19365 -80293 84528 -39420
13963 -94485 42913 44599
-46928 -16160 40979 -74771
63416 20821 22010 81566
-22936 -2468 -90696 -27577
47140 -52622 61364 69297
-43151 16764 -94639 -12740
-43151 16764 -46347 -75593
-43151 16764 -49188 -19632
-22978 12927 -66855 34153
-22978 12927 52171 11884
88787 -808 -56299 -41587
-34472 -40136 52811 69389
-94192 30278 -63273 -37871
-94192 30278 -7301 82741
-24173 41769 -90637 -29684
-24173 41769 16592 98533
-24173 41769 -27812 88976
-24173 41769 84308 39732
-99791 8513 -82395 -40378
-99791 8513 -66603 30497
23155 30491 -90825 21682
23155 30491 62209 -59838
-55905 -38732 80519 -60748
-55905 -38732 -47774 73408
11426 96158 7906 -102936
-32987 92095 32282 -19909
-32987 92095 -10508 -49360
-32987 92095 8723 4743
-104491 11540 16303 -103941
-84122 6861 -4663 -30026
52744 -74858 48658 71043
62418 -11930 -13236 55949
73740 11750 23520 5742
-48044 37649 -54137 74434
9469 44369 -104165 4478
9469 44369 -78358 -53297
38811 71129 16982 28137
-17223 -80147 39532 -42485
86820 -6360 -14995 74998
3513 23269 12933 -72634
3513 23269 15425 79734
3513 23269 -69137 62872
-44665 -18348 -6542 -28825
78459 38542 15094 29689
48747 -21866 -57327 -72300
48747 -21866 -69570 35588
80330 53030 -63535 48770
72166 -16623 1072 45374
72166 -16623 33741 47555
-15277 2637 78032 55226
-15277 2637 -71149 -12091
-15277 2637 -72292 -53702
-22677 -5148 -96126 28719
3036 -12146 77160 55930
105001 694 -89344 5398
105001 694 -25353 -388
-51603 76086 -101257 2967
38801 -57110 -63647 -16370
-22919 -50576 -32046 -78020
-13330 -53806 4763 22373
22898 31336 -85434 3939
55811 -69120 -15761 -49449
55811 -69120 24766 83198
7967 77233 64085 21027
86086 -4923 410 44817
-72720 -36557 104209 2692
-19861 -55773 -96260 31130
-45802 19596 -38956 -72209
-45802 19596 -33054 28439
7637 -100639 77493 -57800
-57372 -57054 -100982 9307
27491 65408 9710 75119
27491 65408 -6005 54403
27491 65408 -13295 8041
-78103 -9155 98803 -19892
87661 -4721 -32663 40580
-12220 71573 28536 65576
-66337 65835 -44498 13022
-66337 65835 -46265 11844
-75112 -12423 35995 48732
-75112 -12423 -25686 -36011
51805 64067 -13328 71644
64912 28039 -9403 -70020
-61638 -15855 -3377 -67930
68105 50204 8084 -105782
68105 50204 -13269 -51062
63366 -38295 35727 -73717
-106159 2771 51340 80210
-34846 -34115 60659 -57059
-34846 -34115 24444 68568
-7107 -25928 -32799 -79194
51389 8138 -13308 74308
9645 -99446 -31823 38291
9645 -99446 35310 -82867
9645 -99446 -30729 -36735
-30330 14720 87550 -3490
94957 34740 35098 70815
-88109 -35656 20202 -90663
-88566 21260 -24271 39343
62221 27115 47100 -50613
-64329 -16779 53126 -48523
12211 81003 -25027 -58148
-66745 -33920 -21267 -52676
-69995 31389 42953 70974
7362 -101563 83256 -38407
583 -37437 47429 -4944
583 -37437 -85270 7547
84360 25321 -6443 -90042
-64019 -21047 46626 41102
95382 38940 26169 -17378
76185 -59129 35116 -72725
23512 30237 -98325 27034
3993 40950 10829 76284
3993 40950 -19711 -31605
-82389 6384 -41053 -20024
94999 41804 34220 -77531
75230 -16943 -63293 52102
9153 74953 39184 68900
-43740 15935 -82261 4672
-16426 95128 84836 16503
-15363 96574 62519 -13865
-57545 47905 -45476 71211
-93888 -31217 44091 73956
-8354 7017 -67360 -36763
-8354 7017 -89512 -25771
51019 -44925 -20089 -92329
9578 79153 30255 -19293
-20894 57193 52165 64755
66437 41435 43121 78369
-52856 -74280 -45140 19695
-43196 -2247 -82287 5538
57916 -10291 81296 21523
5387 19161 -26418 13641
-93463 -27017 35162 -14237
45195 76584 22878 78911
-28651 -7082 -2131 -85760
64414 23816 1061 18676
-6603 73761 -89408 19621
37998 -57080 -46786 -17002
37998 -57080 -11765 -30946
-18644 -84512 69378 49191
-18644 -84512 1278 -91416
-18644 -84512 97940 -2234
-15570 -82647 4816 10023
84675 -46219 -22442 62478
-86692 24925 -63630 -37616
-86692 24925 61544 63108
-55564 50308 -87076 20738
-48525 -19075 74527 -13554
-57887 73108 30710 65503
101818 5462 -22508 -94728
38292 -70778 9503 -100021
38292 -70778 -30695 28634
43121 78369 -23291 -4049
97262 39616 -13301 -31585
-11216 -80449 -86613 -36142
-76731 52541 -20791 -56793
-67690 36265 -5446 -31426
82249 -45640 28502 50314
-8851 -53964 -89301 25703
-25927 -55369 31116 22641
60166 -57150 -24490 -32206
4445 -39238 -33680 32880
-3898 -88297 30897 -11319
-3898 -88297 81002 -60032
-6860 74606 -84017 1878
-67022 18235 54361 66610
-67022 18235 2651 -38704
-12750 -54707 -7418 41301
35324 -91536 9337 82593
-52071 37995 30433 67175
85567 -691 11318 -44052
-79745 52159 42509 -48785
-70354 -39732 54520 69370
34231 18946 -91352 22231
-107729 4699 84308 39732
19587 -42277 -57327 -72300
19587 -42277 -88080 -37960
45821 75768 9743 96057
53338 -69427 -9853 76532
53338 -69427 36172 -42996
53338 -69427 -74968 -48941
-59294 51161 -8738 2830
-59294 51161 74820 41017
68790 -34747 43009 81996
68790 -34747 -3192 85587
55901 68202 -99356 -15190
55901 68202 11423 -67508
55901 68202 39001 -50403
37288 72076 48979 8245
37288 72076 -25054 17178
-44803 -72012 76993 15453
16886 -88062 -18464 -90275
16886 -88062 7487 47386
16886 -88062 22890 83953
-10115 -30721 30363 21467
-10115 -30721 32278 -58595
-68298 34557 7327 4442
-68298 34557 35098 70815
-105416 7346 35731 -15873
-105416 7346 -33061 72087
-21557 62409 66094 -44777
52396 13461 -34453 -37473
25752 69462 46231 -10035
50552 69736 12985 -47406
50552 69736 -3841 82073
71062 43304 -54006 39131
-90748 -28452 -21840 15908
-27532 -5917 5820 44864
-66330 -32673 -76630 -49064
-66330 -32673 -29979 -78873
31202 47949 25546 4018
-46923 20703 -15425 -95454
-20089 -92329 -65603 -32867
42740 -23894 68803 -29704
-67616 18268 66828 65921
-32812 35004 -45464 12687
51005 81094 60604 -43719
51005 81094 -99123 -15803
-20791 -56793 16595 -92822
15326 77308 -90452 19452
16483 33950 49278 -50939
50136 13807 13005 -44742
27133 22851 57708 -59772
71115 -26672 -5813 -87566
40296 41663 68919 -32826
40296 41663 25244 9921
-36643 77555 72583 -34535
-51034 14038 63838 45224
-51034 14038 70920 44499
-35602 -78258 51758 -45595
-44046 -68637 61097 -55415
-44046 -68637 -32879 74236
-23371 12138 -58597 50718
-23141 -56340 -27387 43038
57285 -55211 36016 -72912
-29262 29978 -88329 21706
-29262 29978 -6210 -64601
-29262 29978 92351 -19932
2672 46894 38584 -48535
68021 48683 9861 -73844
53587 64124 -50768 70439
-77484 51367 -4979 -32145
30070 47692 49323 9406
-12433 72567 33011 44685
13550 98412 -34114 26325
97402 380 70222 12005
97402 380 11635 73834
-14665 4099 -69651 32550
458 -35404 50041 -47636
-41369 -22144 -75751 50891
-33788 72349 12628 74789
-33788 72349 -86855 -42707
49814 -6647 -49487 -1667
-30266 -3347 63229 -9107
-30266 -3347 -11666 -84735
-52882 -73414 -44596 1513
-72947 49635 -100241 4227
-72947 49635 -31712 -84962
19391 28031 -11784 73360
25202 86985 -3626 -92978
61029 -10792 15924 32038
85538 1613 11933 -92438
77655 15551 -58703 -74082
37514 73842 -82954 9282
46487 -52076 75091 57832
41509 -27185 94652 39407
36016 -72912 65162 -7549
-18440 -33268 -66880 -34845
61827 -62455 -59369 79201
44529 -9930 61488 67264
44529 -9930 26119 84412
6387 19950 -47419 -2933
-14681 -55158 33118 50767
-14681 -55158 -79324 48995
-29519 30823 -82938 3963
93593 -17611 31313 -57051
66721 69645 -65358 -59928
39065 38372 94768 36285
13847 -91363 45357 -20958
13847 -91363 -52437 -77146
-101649 3098 -43376 73345
-101649 3098 77160 55930
58944 66897 9351 -73596
58944 66897 97940 -2234
-102701 5911 -21271 14272
39353 -87320 -75272 -5944
39353 -87320 66058 -37392
99126 4559 34024 -75758
24892 82455 2889 2161
-97440 -15703 15659 78982
-9377 35491 28400 67295
-49962 17402 6100 -6091
-49962 17402 26913 16862
-62268 50855 53720 9255
-62268 50855 2376 10283
33524 49917 -23221 -37305
-49034 -71600 13662 -99982
7244 -13070 -11206 75318
29246 84653 -88540 -44004
42496 -73220 -78781 -48737
42496 -73220 -6261 55248
83599 -44287 148 21919
8875 98713 64042 20004
66027 66172 -50801 13006
28572 -19393 44924 81265
-10396 -27004 36265 -56603
-60061 49284 7369 42236
-60061 49284 -12312 73910
85760 -39940 -45221 -69374
-17285 63005 -23622 -57291
-32047 87620 12545 74062
-32047 87620 -455 7072
-68926 -11484 -43080 -67832
-1880 -89289 -11472 9518
-58100 74102 35185 44612
-59054 -59912 -65644 69308
-59054 -59912 12053 -90507
-59054 -59912 -74190 -6711
73967 -28210 -65703 -55268
73967 -28210 49860 66677
73967 -28210 82354 17622
82779 21822 -5906 56829
82779 21822 26769 -16563
82779 21822 27882 70939
65000 -44028 1414 46679
70947 41762 -51595 71504
3909 -6704 58814 -58364
-44056 13816 -75623 49178
-44056 13816 -8137 -30018
-8573 -25527 -2018 -87620
-69338 -37466 33183 21788
-21875 -50914 -53964 -70917
-63274 -22426 30967 70053
-94951 -8567 -10898 -33601
-94951 -8567 -36615 -70868
-11411 71131 11562 74847
-28051 -1685 16728 -44005
45858 -2561 33585 -87481
66575 -43826 -31659 42442
-43945 74981 -89696 -31265
97609 -16730 -53031 -75564
-66880 -34845 -15695 -81904
98150 -22822 -64384 52382
98150 -22822 68320 22383
69665 -34204 24636 70613
-52284 38989 34908 46284
77093 40368 43786 -8649
42403 68996 -58444 72941
-9172 3312 -50185 41036
35419 -44935 69151 -28702
11755 98946 3569 15099
-20301 64019 39711 -78589
-54252 -76385 -15826 63914
13537 -47644 38975 74738
41778 78706 94639 34364
-82226 9088 -44468 -76794
27704 -16738 63145 25502
46186 -47370 81407 -40988
81537 -62252 -77281 -7138
51072 7707 -6647 83363
-48184 -17770 67362 -40959
96633 36071 -93 42865
-27886 -8546 -1376 -69156
-5650 82965 30150 16054
67096 26748 18737 33394
67096 26748 -55266 -42899
-4540 39266 -73182 -11972
-17317 -96530 -7200 43293
51470 -68650 75406 -59323
51470 -68650 63668 -44198
51470 -68650 -53605 -71750
-42769 -16121 -46347 -75593
-75765 -49751 -20837 -51922
28 19989 86105 -3741
-6072 86130 39001 -50403
-26348 -52204 39966 -43816
39999 -73121 -10856 50750
10103 103497 38263 -80469
-44262 16676 -71291 -10896
92039 38154 66192 28600
-84046 2800 -6261 55248
76663 -15599 -93373 23876
-54505 -70991 -10508 -49360
73300 -34420 71517 -34477
-13269 -51062 3473 -35241
-13269 -51062 50802 -46917
18138 33700 14529 -45690
18138 33700 415 82561
-93411 -11487 -68950 -9555
-93411 -11487 -76649 49255
-93411 -11487 33222 -84391
-79324 48995 33659 17671
93091 -24209 41852 81495
-54080 -45178 42195 74620
48337 68074 40728 40633
48337 68074 59486 -12508
27820 68196 2804 16563
77999 51913 -29945 -83783
77999 51913 -14575 72223
-87542 -41009 8297 21763
-8620 7980 -61770 -56991
-10856 9200 -14823 -82608
-10856 9200 32278 -58595
34444 -13066 -78397 -51602
5923 -38780 -64716 23254
29981 72543 -42564 -74730
24766 83198 5531 -13445
-7337 56418 44656 -24625
-7337 56418 -61450 -21776
53479 -67456 33222 -84391
72607 11494 47298 11129
72607 11494 -22508 -94728
1917 -9550 100655 1406
58370 -54409 13227 -89770
58370 -54409 76015 56219
-11170 -49458 -40605 -68921
-11170 -49458 14428 -104648
49149 -10365 -35527 76404
41109 -42762 59977 -54308
-13126 -82262 -46490 1934
-30634 38533 45037 38265
-30634 38533 -18431 -36666
65970 22835 -31630 39268
8173 97985 78789 35290
-27928 18768 37099 -88497
-27928 18768 14753 -92872
-27928 18768 43045 -26545
30566 -17687 3053 45425
32469 -86330 69292 -26731
26168 72747 37498 -79005
-7957 -25845 -14961 -80939
-50888 -41539 -45624 -3468
-50888 -41539 -24832 -1803
-105240 6305 32043 6001
54104 13442 -70334 -37069
12053 -90507 36633 71455
12053 -90507 83032 -38934
12053 -90507 -55674 73523
-76314 46327 -29552 73704
-76314 46327 -10832 -56368
-34070 27348 12641 76932
65334 70781 -36248 -83799
-64166 22873 -5613 -30788
-64166 22873 -45544 -75623
28932 -11954 37366 -74971
-7382 75347 -73047 -13690
-7382 75347 -56420 -73809
-7382 75347 -16118 -90844
-48852 69926 13345 74904
-25784 -34874 87334 -1128
-44830 -74042 93593 -16193
-44830 -74042 -74622 -48698
-67498 -35094 -5455 -28028
-67498 -35094 -56771 50390
-67498 -35094 29223 46094
-67498 -35094 -85311 23756
67525 -38256 -51599 -74539
-44146 -3009 -62332 21550
28750 85238 -78126 -56283
-17649 -35266 -83503 7110
-104086 8404 7798 -38073
-51775 -40302 -6204 -27780
-51775 -40302 80718 38121
-56750 75455 6831 16217
-56750 75455 66058 -37392
39322 -78356 -12136 59113
-30301 29423 -66507 33367
-43080 -67832 40796 -72311
-43080 -67832 -13295 8041
-90246 23639 -31761 71733
-90246 23639 -29939 95193
84639 -38833 -21690 -92619
-59246 -22771 -53604 77311
73259 -17372 -21898 61104
16592 98533 -97996 23782
16592 98533 28339 -18779
4834 -12963 39390 73086
-39930 -71257 -25353 -388
-53829 -73328 -24692 -289
73323 14814 47639 79830
73323 14814 32278 -58595
73323 14814 81980 21402
-69856 -12504 -74394 50432
-65377 68344 -64645 -39683
-65377 68344 4384 46482
-49850 1424 57435 -71543
-65986 70106 -51863 -76680
-80621 -54984 81144 57970
-8753 -51538 -91371 -25241
-8753 -51538 359 17948
-8753 -51538 -28607 -4090
65697 45712 58659 -11443
-11765 -30946 65024 26179
-53179 38066 53702 65666
-53179 38066 15300 31022
70833 -16793 29046 48940
-75350 -48504 -29549 -78119
-37727 -70956 -71602 -6723
-92896 -29262 23254 32917
71878 -33789 -21833 61886
71878 -33789 15616 102384
48875 82511 14577 -91830
48875 82511 44656 -24625
48875 82511 -54398 -45554
39678 -49284 -20299 62624
11704 -72644 29324 23464
31026 48990 29234 -17857
40414 -71874 -35062 -77006
-97952 24805 15683 77053
68510 47068 -421 -39914
-82706 -41423 -93267 30447
-27882 -52942 72166 -28321
-26761 19521 12601 -104321
35653 -88748 2431 24037
-100183 -14125 73261 45840
-32663 40580 -84751 3315
-65496 -38478 -47503 43026
-32180 -78945 72962 -27510
-32180 -78945 -20093 -31168
-32180 -78945 -4825 -73191
-30727 -78625 -50608 -37881
-30727 -78625 67778 66684
-48110 -78381 -5734 42428
-48110 -78381 23007 80831
66136 26519 -35107 -38095
-49339 -44168 -57361 53399
-7752 -69796 30250 23328
12601 -104321 62180 -45088
25937 19046 82818 20126
25937 19046 -77666 -50238
101176 -3043 -9033 83875
101176 -3043 61225 -39836
13601 -103532 -47762 2947
-41415 -17273 -74785 -51401
40301 68056 -14305 92673
40301 68056 -55894 -69100
-76601 -13313 67256 67425
56869 -58496 44749 -3941
56869 -58496 -65358 -59928
-94183 26880 -63465 33488
63876 26865 12351 -45364
-62674 -17029 -7301 82741
-62674 -17029 18377 -43274
-62674 -17029 11318 -44052
32072 -59928 536 -86336
32072 -59928 77651 42810
6439 16348 -48523 72714
6439 16348 18671 -45844
76746 57582 11738 -46827
43732 -23012 47980 -48226
100760 -1174 -289 44638
69958 -15053 47424 12394
-31929 -5608 -28572 92265
-9873 56925 62206 64645
-9873 56925 -20475 -54673
-9873 56925 14287 76752
-16340 -96609 -25364 -37649
-37996 -69699 -65949 -33110
-37996 -69699 -47769 43989
-19878 59459 30828 17173
-19878 59459 -57395 -73187
-70820 62771 49657 77353
-70820 62771 58814 -58364
-29113 -56233 98014 40790
62480 -9539 -14537 5721
-66287 25637 38925 -88824
-10171 59747 -1942 -91681
47071 -47439 49866 -10250
47071 -47439 62826 -39546
9159 43325 -97642 26411
-79921 6013 -92888 -12228
-51362 44701 15546 -73655
27388 79238 -49521 69719
28860 73650 -19034 -97975
42548 -25940 72834 13259
32899 20961 -63366 -20088
-51914 75041 -94733 24901
14490 -73615 -29179 43861
14490 -73615 -71053 35290
-31914 -32676 -907 -87280
2632 -39886 4384 46482
46640 -28931 -13082 76073
-64171 -53135 41800 -73010
-64171 -53135 -52628 37828
43849 -3755 75769 -62413
43849 -3755 2192 2643
75633 57688 35110 -49049
75633 57688 26896 5370
-37556 30078 85842 19601
40104 39617 72950 10137
-36835 75509 76614 8428
54596 -57847 92484 -17573
11904 -103878 -30777 78070
11904 -103878 -12128 10213
11904 -103878 4573 3458
-52338 72656 86546 17573
-10481 55217 4573 3458
-13301 -31585 -31298 -32994
-13301 -31585 43354 77337
1007 4922 64416 24471
40466 -57451 -98621 -9206
40466 -57451 43313 79345
36234 -59868 -9750 41547
71855 -18229 7597 79102
71855 -18229 -47762 2947
-11078 -27412 50590 -48017
-4421 82975 4339 15859
34842 -73648 81947 -39737
-75272 -5944 16594 -41594
-20874 59857 51749 8826
-66006 20501 33024 19028
97601 -23882 -52864 74630
97601 -23882 22664 82188
97601 -23882 48316 38832
31547 18570 -34970 30127
-22199 -57922 -47160 76251
-14742 58035 -77019 47073
-19373 -38515 -47294 75327
15723 -92119 5961 -5096
28354 79574 -69806 62665
-82964 -38742 -87838 -25850
94401 -21879 14335 32566
-78358 -53297 33613 22542
25576 80102 -11481 51567
17012 -47808 -33997 78187
83266 -5983 59643 67076
-33910 93708 51677 -53784
-29037 17387 60382 -59511
-29037 17387 -94577 26091
-14003 58495 -49188 -19632
-14003 58495 -60438 -23483
-14066 53600 12322 -42190
-14066 53600 75218 -59934
-42777 -23273 -46180 74601
-13850 -80599 -31298 -32994
-13850 -80599 -27647 13632
36233 -89649 -9750 42965
50676 11413 1661 5544
-62996 17833 -30187 75061
-6387 -33274 -47912 75077
-27812 88976 -76396 45599
-27812 88976 -61770 -56991
14335 32566 -66312 -54676
-36850 -70116 -90033 -24356
-35094 90780 76531 7701
9805 -105924 31952 53184
-45977 -21270 34048 -18731
-45977 -21270 21019 32537
-62137 -20079 7088 20767
-62137 -20079 -11536 -54340
69561 24447 -107027 5426
13312 97966 -29123 35690
13312 97966 17745 -71119
13312 97966 24748 66986
33044 47998 50415 -9190
33044 47998 25470 80898
-16110 -80253 16160 -40263
518 -88127 -61824 -14893
52451 -50205 -50155 18548
17166 35777 34951 -89307
10619 -44230 100241 3057
-13039 99545 13721 -76266
-64202 -38890 -74664 51688
11978 -101109 -13674 -47926
87094 18633 -63857 50408
87094 18633 49860 66677
-61631 22367 -58864 -20155
-30964 -80517 -45640 1851
-31298 -32994 -19407 -90502
-11822 36877 79741 38200
62046 69706 32815 -61209
62046 69706 -14575 72223
-51595 71504 29368 5545
4385 9380 -6521 -69132
4385 9380 75091 57832
-44307 -72617 66574 28163
-82007 50083 90011 -5174
-82007 50083 -2643 87759
-89436 20543 -6005 54403
64812 20765 -7301 82741
54202 -49693 -86925 7797
31727 66763 -79232 46657
-41811 -22937 -66465 67547
-41811 -22937 76916 36826
-4180 -67900 -44777 -16487
9003 100334 61359 -14044
11505 -91601 94536 -15966
27802 67014 -26710 -58249
-9446 98834 -61731 -61318
48285 -52893 37321 74988
48285 -52893 -11054 94206
-72912 34802 104218 -706
-72912 34802 -58321 53170
-66038 -53753 81002 -60032
-66038 -53753 -63737 25964
5299 -10459 29629 20502
98096 37504 -30832 12768
-834 -90518 -33429 35322
-25364 -37649 78513 57145
62660 -5365 -18324 -81914
65807 -46478 -15520 98127
65018 -42846 1033 21851
-19547 -92473 39642 -41898
-29756 -37687 -46240 17952
36263 73324 70490 -17954
36263 73324 56057 -59996
415 82561 -97225 24543
-30750 41655 47481 -27292
68451 44979 815 3946
75911 40737 68602 -16402
-12031 94285 -7452 34206
65254 62593 -34557 88166
-101803 7547 -40129 -20080
-13454 -52408 7351 -6987
-13454 -52408 67451 41329
-82954 9282 -29187 -80871
-82954 9282 -23653 -1297
-52505 -77538 86554 24725
-10140 95361 -47174 11616
-75481 47984 -47028 38908
-51442 -76092 64237 -5643
-53896 -38957 38336 -56034
79627 56419 -48768 -22407
-46909 -80158 -30953 79728
-94036 23319 90584 -3899
-94036 23319 -19021 55657
1000 -35548 38664 -44609
26310 71904 34517 -61313
26310 71904 9418 -13143
51253 9856 -10465 38227
-66937 37439 24465 9727
-66937 37439 -21258 -56074
-16142 64058 -47615 -79411
-97621 28248 -29123 35690
-97621 28248 8723 4743
-51212 76 86045 -43247
-94605 -8324 -43878 -75965
-94605 -8324 -6080 42186
-92632 -13073 -85311 23756
66603 64495 -62882 48224
66603 64495 -61388 -19384
-63079 17105 -28446 90332
-76816 -48103 1232 -86545
-25054 17178 -23252 -55109
83676 16324 7940 98888
53295 -75096 37082 76045
53295 -75096 -50219 37722
-10671 42195 55569 -73484
-10671 42195 -10338 -69845
-10671 42195 31531 23888
-29272 91449 -45721 -6338
78877 -58226 -21416 -91695
78877 -58226 -86925 7797
78877 -58226 37334 -45666
-33976 -76204 17625 -88732
52535 66937 -28663 11366
10847 77466 3612 16122
22116 29936 -69003 33343
91853 -19684 -58545 51593
91853 -19684 67843 -13525
34788 -47411 82397 23291
34788 -47411 -49071 1618
96143 -15865 -22238 -93712
-24623 -34565 62960 -7620
42953 -8561 94583 38520
-10425 -82671 -103218 10527
-29212 94999 -46992 -80885
32365 18084 -52163 40332
32365 18084 -56464 -76801
40333 -80063 -33370 94960
-6794 38089 -25838 12740
-6794 38089 -79445 47652
-56464 -76801 30642 72642
32277 -88376 73323 16232
32277 -88376 81983 43547
92878 -20932 46332 12674
51340 80210 83859 -6016
51340 80210 28342 5621
60073 25731 -39871 -73364
60073 25731 92223 -21553
-107027 5426 28339 -18779
83032 -38934 39532 -42485
-73282 50520 -93205 -14348
-13794 -78518 -32480 -76690
56487 -71457 -29945 -378
-15174 -86353 -3492 87842
-15174 -86353 -52574 16149
61544 63108 43354 77337
-25861 36809 -55193 74474
-26970 36824 -31902 74157
32902 -57579 60221 -6524
32902 -57579 -87481 -38266
-55206 50053 -94577 26091
-54969 72777 -30569 72445
-54969 72777 -59630 21141
42343 36898 96964 42439
42343 36898 25937 67228
35727 -73717 -75623 49178
35727 -73717 71913 42098
-27942 -376 -40129 -20080
-27942 -376 14431 -71508
-10502 73018 -7525 35219
-10502 73018 -42696 -70697
-10502 73018 -23252 -55109
97726 35322 -23063 58595
12385 -101960 -22215 -30072
-67614 32204 -7044 53848
8464 7423 -92191 -28048
-64586 66346 18552 32048
-64586 66346 -81268 2271
-64586 66346 -7605 85392
84387 -47920 -16404 98196
-44334 -74627 -85036 -36419
-44334 -74627 -3810 85338
80720 -44521 60620 26825
-33011 -84608 -19886 -53844
-33011 -84608 -2643 87759
17009 -40346 -33947 -78508
-60691 -19828 -23271 15498
69112 -16651 65199 45960
74131 10546 15300 31022
74131 10546 -9033 83875
6841 -5265 -2752 -88585
-29782 -36821 -45696 -230
-62537 -58868 7487 47386
-77501 -57099 15616 102384
-77501 -57099 98026 1396
-25792 -2032 -30729 -36735
3049 -41754 -4360 85718
-75596 46442 -44617 71281
-75596 46442 3612 16122
-75596 46442 30645 -13761
32901 -87360 60221 -5106
8226 -13855 -31841 91807
34284 -15077 -75031 -9384
34284 -15077 36873 49571
-78397 -51602 -285 -88097
-37323 29175 80955 38567
-36948 -72542 -87963 26588
9749 -70217 70374 -27498
-73964 -49641 -34111 -82116
-73964 -49641 -58658 -54247
-73964 -49641 56767 -67799
35531 -48563 66798 47480
-78639 -48161 39514 -85310
-40847 -73285 -6080 42186
43699 -25923 48674 12911
-18324 -81914 -7091 -31247
7159 5080 -64775 21165
7159 5080 -22508 -94728
1929 16021 46193 79579
18247 35009 12232 -73193
19174 34874 -7225 -70346
46730 -48744 69991 -12141
-19646 56474 25965 79868
95818 -23939 -15423 75835
-54956 74920 -30851 27444
66058 -37392 -20805 -92687
66058 -37392 59250 -54577
-60386 56347 14202 -106075
-60386 56347 -32245 -39044
49624 -24884 -75761 -8917
-63830 -22592 66094 -44777
-63830 -22592 42659 73545
67464 -41806 -50327 8
67464 -41806 -105798 8815
67464 -41806 48661 7869
-14466 -92944 -67069 -32003
13432 -68411 -6952 -65427
9141 -11471 -51057 41740
9141 -11471 26568 21522
23988 8311 63925 -42201
23988 8311 -97108 -12260
77819 -64862 30897 -11319
77819 -64862 -71053 35290
77819 -64862 803 47671
-74630 46778 -64902 64227
73139 8592 36137 72060
98896 -960 38868 40145
-33068 89057 33993 43899
31198 19355 -27647 13632
79394 -64660 -32270 43434
-80826 3065 -73872 49690
-80826 3065 74100 56950
-12262 -30340 75444 13468
-12262 -30340 3569 15099
59977 -54308 -20516 -91882
-44560 -23330 -51762 -78690
100840 2751 -1961 -37803
-21833 61886 8974 -9410
-21833 61886 38420 72333
-27317 -51613 60301 -56226
-27317 -51613 28776 51237
-65775 17515 28162 81724
75773 58241 32162 -60663
15418 -89157 12366 -67281
15418 -89157 -42582 -3347
51912 70149 -15576 -56081
-47943 71813 -5742 35276
-10938 -70660 97149 41477
-69901 66305 30360 3144
-28787 -38575 -66579 36605
-28748 40156 5443 4175
12047 -42713 -66465 67547
12047 -42713 99010 -22753
12047 -42713 70264 -28808
-123 -85393 -48377 -72295
-52163 40332 9503 -100021
35116 -85698 13720 -40004
7457 -5583 -15695 -81904
-36172 34493 8974 -9410
-10992 39226 62311 -11134
81983 43547 -58909 -75415
81983 43547 -84111 -38325
68576 -31469 47490 13175
72184 -15441 691 20546
72184 -15441 93158 35557
-50954 77071 57487 -75145
-50954 77071 -22953 11415
47987 79044 67426 -31486
47987 79044 -35753 27248
-101701 6700 -42272 -2302
-31736 89226 6020 40334
24748 66986 67312 41977
-26356 16385 4096 -38453
46940 -3328 10865 -71368
-49431 -5822 48639 80619
72869 53659 93158 35557
-99668 5501 -84976 22872
-89512 24604 -21271 14272
-89512 24604 -4407 -30871
61673 65029 40641 37003
34003 -85592 37092 -42226
-11666 -84735 -77165 53871
-62480 -14198 14302 -102716
-9033 83875 9743 96057
66309 -7965 -94946 -27316
29368 5545 -49056 15893
29368 5545 -5672 56077
-20173 -39357 -30489 93021
61575 21573 60676 65764
1887 7309 45927 -25656
-13701 77666 59652 -62382
-2699 85678 -31829 -40912
-67072 36514 -18431 -36666
-67072 36514 -49521 69719
-100683 3434 -63661 66291
77510 42257 35021 -48314
-54287 -69000 -15075 -91182
-54287 -69000 -21898 61104
-62891 -61497 14920 102594
-17243 -52727 86927 -278
-71001 68960 53444 -52606
-27116 -7786 -2923 84101
-27116 -7786 35325 -61755
28260 8907 -25791 -54715
28260 8907 49979 -50380
48866 -6562 59567 -70316
48866 -6562 -29582 -3468
35967 -53781 -4139 -86275
35967 -53781 84796 20830
35967 -53781 80718 38121
66054 63435 -5123 82416
66054 63435 -51362 70472
66054 63435 94652 39407
-28353 36451 -2864 81994
40408 38035 66566 43356
40408 38035 -96071 -7460
93275 37625 70418 10232
-81910 8944 -51105 -73768
-103398 6354 -6638 4964
-103398 6354 96084 42607
-25235 -52310 16594 -41594
-15949 -50059 59759 -56300
-15949 -50059 5663 21613
-43553 -18007 -29884 -35975
-95125 25031 -43687 72301
84963 -40751 -28491 -52350
17210 -89980 -25265 -50006
-8768 -72062 51587 70910
-15367 3371 79910 39796
-24637 10964 -96424 -14612
-24637 10964 -32013 75388
62180 -45088 60647 68938
71913 42098 -71880 64450
71913 42098 47154 14691
43108 35434 9872 97978
-33831 71326 13536 96269
21706 84217 69804 -34852
21706 84217 60372 68415
-93705 21279 83640 38943
77515 14038 2431 24037
77515 14038 -55762 -42294
8963 -101273 49636 -44499
-46182 12571 -30832 12768
-46182 12571 -13094 71030
-103071 3729 -13502 60099
17770 -73048 44656 -24625
17770 -73048 -98052 31953
13201 99197 -26790 9830
13201 99197 14856 -103144
82697 18783 28481 47246
-52645 -71522 -49564 -38219
41235 74392 -33921 -40375
69198 45018 -14857 3123
27208 -16133 73564 12792
-94159 25367 -63972 65247
14194 -88966 38068 -71304
-34790 89198 70147 40920
-51121 -73123 57495 -67993
89251 -1884 -66049 -19000
15543 -39945 -3166 -86934
-37987 -73097 -66141 38249
-96936 25896 -5647 54148
-25835 -57707 29184 71733
-25835 -57707 -285 -88097
-17894 -94973 57811 -68137
-6973 5848 -96362 -12220
81764 -1825 91190 -20241
81764 -1825 -26882 89995
11340 -8935 -97234 -11516
74404 54299 60921 22119
99681 -19052 -96535 -26788
8095 78854 61402 -13021
66741 -40142 -35136 -34921
60221 -6524 11632 100344
68291 -42922 -67686 23451
-18240 -89748 -62862 -51805
-18240 -89748 12195 -99118
-18240 -89748 72524 -29154
-32090 86597 13453 95542
64536 45403 83033 -4951
-36493 31524 63525 -10767
-46413 -23058 30164 70083
16457 -91154 -9453 -25358
-51699 -44363 -7802 57494
-5093 39695 -61556 -20980
-5093 39695 -50200 -72353
64481 -39796 12322 -42190
-10023 -33059 28431 70559
44927 -29306 22890 83953
-52817 39373 46093 38225
28796 80367 -79092 46009
-21994 -34554 7757 -7838
43480 39245 2058 17942
-3359 -66139 29447 -18851
-3359 -66139 -62020 -53462
726 83606 -103749 2609
48117 -6993 -13853 5599
71840 -9561 7906 -102936
-63531 -35190 -88763 -26019
-63531 -35190 80017 -45249
-66603 30497 -28278 89695
-66603 30497 -79232 46657
-66603 30497 69938 -17716
-66603 30497 65610 42082
57427 -54636 33034 -85001
-87612 4264 68636 24502
73908 54904 71340 9409
73908 54904 2628 41225
39516 72343 2192 2643
39516 72343 -32043 26732
62206 64645 29456 45062
-48462 75458 5149 -41266
-48462 75458 14428 -104648
39084 -86063 -69619 -32331
-12609 95841 11281 -68083
-89236 -43523 43869 74542
-89236 -43523 24884 2481
-102590 4679 -23604 40132
-102590 4679 49636 -44499
74765 -64890 64930 48257
-29180 -39364 -18649 59468
-29180 -39364 -58321 53170
-103649 9884 -1376 -69156
3349 8206 15233 -44476
62720 21302 36633 71455
80760 -46530 59763 69007
-50934 40342 6554 17889
65162 -7549 -70861 -36069
-98052 31953 -2018 -87620
76015 56219 27091 -18201
13721 -76266 62797 -56324
-9564 93684 -59255 46834
98779 2161 41313 -25411
-8140 56448 -44589 -22408
-22061 16494 -5771 81623
-22061 16494 -86097 -40758
-22061 16494 -69570 35588
-64711 -54386 53144 -46732
-99335 7176 -91964 -12284
-88108 4869 79055 11792
9968 -11164 50281 -23458
-47501 -20322 53017 12645
-106030 4692 48627 39876
-101438 27535 88884 19722
96985 3017 78988 -43387
-92731 -25654 -15484 63116
-92731 -25654 19808 -42863
-58040 -57844 -86958 25888
-11098 2635 -9735 55256
-77782 54189 1278 -91416
-77782 54189 -50801 13006
14201 99986 -47791 -6744
-74968 -48941 -37567 -68945
-61613 24158 -59246 -57762
46193 79579 18737 33394
-14030 2058 51838 67380
-18020 -94230 7568 -4996
-33947 -78508 60647 68938
40796 -72311 -8690 54027
-65136 37549 -59079 -58399
-5896 39725 -44696 -21612
-5896 39725 54529 65972
-14623 92297 46981 75947
-20516 -91882 -13066 -78712
-74190 -6711 16633 -71207
2848 19555 26896 5370
37366 -74971 51702 -47676
-4663 -30026 2628 41225
83661 -41544 -1143 -35694
-51599 -74539 9503 -100021
24016 5137 63321 24460
-94767 -11028 -40464 -19195
-52628 37828 42126 70668
12351 -45364 28402 17752
47959 39087 -92006 21272
-75631 -52162 -23653 -1297
-28980 74979 -88342 19563
-10709 2401 -17900 60162
-10709 2401 -94221 -15607
-10709 2401 -2640 80297
98026 1396 57120 -9333
-35060 -78402 40381 -42568
-11712 -79864 -76199 -48421
3689 -12692 63433 67395
-25286 37275 -67252 64680
-64230 67928 2097 44126
-64230 67928 -88730 -30930
-69246 -39804 31251 70880
-22025 59840 75908 9174
-72040 -8367 -28527 -36434
39390 73086 71924 14046
71300 -27634 -9707 -67369
6020 40334 40228 69069
-46098 39928 -95010 26573
34801 51894 -50040 -78832
-30996 37226 52646 65706
-33582 76536 8309 -13128
47039 -10476 8779 78733
45638 -48464 92911 -18020
23520 5742 69573 -31867
42675 -24676 70184 -13287
42675 -24676 -56771 50390
42675 -24676 -71264 -13633
-36133 89535 98349 33849
-36133 89535 -62882 48224
-14693 7274 65767 -42152
37445 72955 68390 -12431
37445 72955 26502 20740
-34453 -37473 33024 19028
67747 43765 15604 29440
67747 43765 46801 -2334
67747 43765 13993 79323
-74930 52651 -58612 -59118
25202 2857 38420 72333
77970 52835 -13976 52865
-54304 76495 -44529 -5626
-48769 -4285 34741 48344
-48769 -4285 -61180 48120
51917 -73793 66018 48681
51917 -73793 62129 -13283
6935 42718 -50952 39159
7354 75770 76955 51744
-68153 20882 78105 11029
-87510 21220 -46455 40183
-87510 21220 -455 7072
-30263 -79701 4516 -13339
-30263 -79701 -60358 -15294
-84152 3596 -4017 38525
-59589 73212 66446 63305
28339 -18779 49820 68372
28339 -18779 66574 28163
25244 9921 -34295 -36595
25244 9921 37542 -76013
73113 -10573 -18822 -81666
13621 -93128 50106 16111
-31296 31177 -45624 -3468
93452 -18164 34262 -45437
43114 -76816 -91775 26791
43114 -76816 -11577 55206
27882 70939 1513 -41050
49528 -3340 -43495 -71117
49528 -3340 15659 78982
9136 102693 58565 -63574
46773 78678 -10252 34949
8322 -71734 100350 4367
74255 -64641 75642 43034
75621 7473 -15987 95558
-67252 64680 28481 47246
24444 68568 73696 8758
35172 73604 93409 -23833
-21184 -37650 -9255 57174
28394 6496 -28607 -4090
13838 -101640 -52730 -36785
17166 34358 34952 -59525
-48125 69663 -1923 80413
-48125 69663 72524 -29154
18992 -91660 -34111 -82116
18992 -91660 -62703 -14725
18992 -91660 -76597 50130
-45638 -5611 -88342 19563
72764 -16342 -11490 39474
72764 -16342 97549 -20280
1268 8902 58939 -59107
47154 14691 75612 -63292
-49644 -2545 53119 11798
47091 9796 76936 39490
-43427 -70230 48085 -21964
39532 -42485 41254 39634
12396 -69585 14802 -40771
5251 48606 -15590 -84485
22010 81566 78647 58069
75231 8055 -7797 83346
41307 71154 34048 -18731
41307 71154 -35435 27623
57054 -60731 40861 42992
57054 -60731 -13834 75307
-54038 -38114 41317 -73726
11871 -107192 -11426 79800
-97013 29956 -4049 -31125
25678 78168 5250 8693
25678 78168 -13609 92191
-14750 -79840 -12401 -48938
-14750 -79840 410 44817
-30763 36613 47750 78598
-30763 36613 -13860 54933
-57553 -74066 53496 15204
39183 -48254 -9891 40994
7757 -7838 -68839 36951
7757 -7838 -23381 -30826
7757 -7838 -47907 -42824
-58248 49932 -30695 28634
-70177 -36191 50799 -5003
-8786 51157 -31031 88711
-10042 -65854 78335 -59456
-55345 -75636 7144 48184
-47748 -5722 16160 -40263
78817 44982 7574 -105534
59848 -11201 40728 40633
87550 -3490 21640 83436
-14457 -96342 -67261 39356
-24698 -55360 5305 22447
29601 65518 -34596 72791
-19186 62518 16306 -47062
-24385 -50174 -1265 -86447
-85761 -43687 -29103 77991
31375 5212 -91216 22885
-52933 42495 48537 -27332
-12108 -85528 -67879 70527
-72551 -51021 -88333 -25265
52318 69299 -24116 -38228
-9624 8680 -40679 -71689
-7437 53059 -59356 48769
-11550 -56483 -32636 78600
-22869 -38947 65080 -40102
-22869 -38947 26119 84412
-73364 -14121 -721 84402
-285 -88097 -44963 -15525
-50219 37722 -8469 72899
-10113 92624 -47735 69082
-4419 83630 -65320 -17661
-4419 83630 4285 2105
-57979 75445 32642 16412
47734 -52655 48897 69986
-10165 96226 -46630 -6565
45595 -29100 8848 79620
-50688 -46070 -29036 93341
-62434 22397 -42003 -20787
-62434 22397 77409 -59321
-14823 -82608 -19786 57121
-14823 -82608 10025 -69694
-44487 -24343 -10268 97073
-25686 -36011 85277 22748
-3599 86437 -12932 -56856
-56837 -70746 38476 -54520
11218 101996 14858 -48942
-19021 55657 12831 97015
-8886 -30712 4552 21273
-13437 8884 39384 -75964
-23919 11079 -47078 72965
4876 -5899 38512 -75260
-7660 -72134 62046 71124
-7660 -72134 28318 72420
77493 -57800 49090 -4984
37630 70720 41786 36732
-71017 -34516 -34552 75782
-71017 -34516 80847 -42900
-71017 -34516 68449 -40162
8416 81823 54660 -75371
3337 -40401 -10422 57305
-85820 -38306 -27871 -35008
-73885 -9673 10228 -9022
-73885 -9673 -59630 21141
-32127 39873 76390 10125
-44946 -68450 79997 -59333
-90399 -29238 -64837 31676
70492 13021 2943 15915
70492 13021 91727 -20948
70492 13021 -31138 89507
50330 16638 8930 -104184
-16118 -90844 -32370 -76103
-16118 -90844 5667 2479
-16118 -90844 -89047 -26847
-30019 74424 -66520 31224
35530 -87349 5018 -5324
-28280 -56321 80525 42638
-19786 57121 28896 66265
-19786 57121 -95842 24916
54553 64460 -71053 63385
-11174 6696 -8137 -30018
-61803 -60305 -7918 77567
-70459 68816 42067 -49579
79161 39102 359 17948
73962 -10657 -36659 -79921
-22953 11415 -67363 65911
-4776 35612 -68228 64759
-25731 11943 -44784 -78913
-25731 11943 -9038 54813
-68481 -41268 15186 101630
93771 37020 59999 22942
-100241 4227 17729 -47693
75825 -66569 42674 83512
10094 -74876 63128 70356
80519 -60748 69489 49778
-9384 70515 -31003 87789
4429 -33919 -33348 -78814
4429 -33919 12031 -93575
76278 11356 -29793 14013
-44498 13022 -49888 -45227
-44498 13022 -31243 27574
82089 -39161 31860 -85738
82089 -39161 98347 4365
28242 22813 34425 -58976
-17059 -34437 -95882 -10302
-85061 1709 15069 78153
41048 -46312 -49069 222
80555 18439 73469 54474
-44777 -16487 -31029 14541
-9314 -26353 13544 -70271
-9314 -26353 48055 -9385
70458 -25977 7972 -102155
70458 -25977 37132 46891
-60040 51122 -12080 70925
-60040 51122 6933 3653
-60040 51122 -5742 35276
-87678 23281 -42939 -3092
-87678 23281 -29545 -34929
-21425 -55436 -63414 24047
-51627 -73026 -70940 -6625
-78639 -49580 39515 -55528
-84671 7241 6873 -38017
21640 83436 71186 -18436
82537 23844 31840 -59025
82537 23844 -50621 45527
-78266 -55635 57708 -59772
62807 -12164 -21401 60856
62807 -12164 78359 52601
-52953 -37312 -79586 5129
-52953 -37312 18528 -90584
73924 -62601 82586 192
-14625 -95704 -63737 25964
-28140 41864 -7329 -31693
-28140 41864 -91633 25949
-16239 -50865 65841 -39383
47702 39932 -86615 3529
47702 39932 -42607 -1418
47702 39932 67517 -45408
-13556 53352 69136 42626
28677 2693 -34552 75782
67462 64564 -80933 46762
-33320 -37217 28618 8074
-8306 -31613 -7629 40201
-51472 43391 17844 -46151
16364 -69950 -68537 -33098
-14750 -93772 -61097 -14624
-68109 -37457 7372 21594
80984 55960 -77255 -12767
80984 55960 -848 -92661
32799 17602 -61272 50457
-10859 41585 -70861 -36069
-10859 41585 59517 -60664
-10859 41585 35656 -88093
-58696 -20793 -65155 35758
-58696 -20793 32162 -60663
-13704 95831 27684 1738
-9238 34844 25470 80898
-13094 71030 46908 76960
56029 -67129 -20328 -91271
-59372 -55829 -58972 -16431
39665 39187 82165 19167
-47707 -16354 57333 -70696
-47707 -16354 -30695 28634
65517 -38622 -9432 -66846
44349 71275 -99317 25080
44349 71275 12366 -67281
51496 14220 -15556 -53417
-50581 18995 61408 -59588
77596 59718 -6121 -91680
77596 59718 -36615 -70868
-48960 12254 -32046 -78020
-48960 12254 27361 81974
-3057 86511 78733 43461
-3057 86511 -24300 -58410
-3057 86511 4460 -9184
-16668 -93016 -20831 -30498
-12055 37780 84628 19234
71517 -34477 -58814 53079
71517 -34477 -14266 76337
98347 4365 -96396 -15534
-32043 26732 -29924 89874
53286 9737 -53159 40730
-7319 58209 -61832 -59383
71339 41632 -59822 74244
71339 41632 -44823 74142
26567 2582 9754 78111
26567 2582 4097 -6093
-92191 -28048 60604 -43719
102224 259 -31029 14541
102224 259 -44236 -15256
16303 -103941 643 -90060
72588 8830 47713 67058
5391 -12797 -61097 -14624
5391 -12797 27697 69594
5391 -12797 -35136 -34921
93409 -23833 -19886 -53844
7847 17477 -72205 -12051
14261 29777 95949 36694
-60269 79387 80727 -66372
-5672 56077 -96424 -14612
-5672 56077 -11387 1282
49820 68372 -84652 -43702
-80155 6765 -87971 -28017
-80155 6765 -47701 76177
-14850 -97131 -59003 55921
-14850 -97131 -75623 49178
-14850 -97131 -56180 -39656
25759 3023 26727 68841
-30312 76994 -60356 -22756
34902 72588 99084 -2505
-34420 -34562 51702 -47676
33371 45373 -19999 58116
-17223 96086 101566 -3624
-17223 96086 9743 96057
-63886 -36771 -81302 7182
-29513 -2582 47422 -25185
-57122 71643 14645 96254
56938 -57609 43305 -22565
9530 99334 50301 6947
-50603 -516 73248 -30817
45716 -3137 -97678 -7561
45716 -3137 36567 -75391
45716 -3137 72524 -29154
-19551 -54729 -71149 -12091
-19551 -54729 -102783 9197
-33753 -75677 12934 -99788
-33753 -75677 49712 -5801
-4308 -28445 -91583 -26340
57671 -69651 -54817 -38308
48327 -45829 36443 -73358
59215 67913 92264 -23562
59215 67913 -102038 26720
-85199 -39123 -40919 -17857
1728 -87130 -87230 -35824
101130 37095 -2301 -69100
101130 37095 -94538 21367
-70691 64692 46944 37019
49206 65718 41235 36970
-2972 -84103 11468 -99387
21397 80103 76286 51538
21397 80103 -92761 -23350
13654 -90217 39093 -89461
79164 39756 -29036 93341
79164 39756 304 4195
93 8165 25546 4018
93 8165 83602 -43632
-96182 -8047 -87560 -42192
-96182 -8047 -10760 -81787
-96182 -8047 14617 -93526
-93946 -9267 -26710 -58249
-93946 -9267 -57707 -56170
-36531 73927 70230 41647
-95925 24189 -26882 89995
-32227 -37861 -6647 83363
-32227 -37861 5663 21613
-6895 -73598 12253 103170
-6895 -73598 99268 5134
-29729 -40424 -46801 75418
-29729 -40424 -63972 65247
-63273 -37871 -46343 -4865
-3739 -30081 -103536 8023
83704 26015 7341 -104630
37433 -54182 -34920 -77849
-7878 2900 -77346 49698
-7878 2900 -59356 48769
-50535 69825 48691 77017
67578 27463 -65398 -57919
62446 -12852 -13834 75307
62446 -12852 -38956 -72209
-87715 -28862 -85545 24508
73948 -30001 -65320 -17661
73948 -30001 35325 -61755
-49156 45126 -19742 60113
-49156 45126 -30796 -82578
-50536 37291 -1808 81954
-26691 -1272 -11833 -52680
-15944 -87114 12684 103814
-9470 -50368 -76306 -49825
87886 -6418 -37372 76216
-13313 94627 19464 27018
-28607 -4090 83383 39788
-5742 35276 -33061 72087
30596 6798 -74855 -10426
43151 36457 8964 76498
72524 -29154 37125 -72949
-17584 -90443 -1589 -84529
-17584 -90443 -20093 -31168
74100 56950 67309 -33554
-38814 -73404 -48774 44689
95106 -20665 -455 7072
37432 -83963 -34920 -76431
-63737 25964 -25595 17104
51847 -7846 -92191 23507
-97996 23782 39711 -78589
-103359 2028 7381 18196
-103359 2028 -7464 95817
-28070 18192 40081 -76407
8228 81213 58608 -62551
8228 81213 46859 10699
70264 -28808 -48028 -19323
70264 -28808 9743 96057
-67069 -32003 39384 -75964
4460 -9184 47245 -6289
-6270 75435 -96396 -15534
-13295 8041 36403 -58272
40228 69069 -12776 71406
40430 -77192 -35394 34687
40430 -77192 90011 -5174
-34739 27142 26684 81265
-34739 27142 -47564 12198
87064 -46514 -50592 -43200
-91633 25949 64042 20004
28321 84484 -69106 -40452
-96694 32461 -25595 17104
65859 24066 -29297 13408
72186 -14786 -86615 3529
-63723 36169 -95901 30297
-63723 36169 -88754 -29417
73604 11096 84628 19234
73604 11096 32404 -57331
75006 -10995 -58577 -72818
75006 -10995 -61348 -23711
-40498 -67516 39033 -79709
-40498 -67516 9801 -10526
-40498 -67516 -13412 -78955
-3672 83669 -11387 1282
82984 -63049 -107666 9593
35451 -74240 69150 -27307
60659 -57059 47422 -25185
-5248 -86237 59250 -54577
40335 75151 -15024 -56319
69237 40692 -15683 93976
-8175 -65236 -63945 36755
39987 37549 75401 53564
100350 4367 7594 43662
100350 4367 -31243 27574
64344 62365 -15450 92944
64344 62365 -23253 17289
14856 -103144 -74106 -5191
-59220 53929 -10284 -55308
58399 -56713 12612 -41384
16668 -90054 -13897 -48452
-11733 36142 77864 53631
-93544 -30055 36873 49571
-9707 -67369 2804 16563
-31680 79922 -31629 -84235
-31680 79922 -33061 72087
-91964 -12284 83924 21533
-96835 23961 -7775 94773
9505 -101417 38259 -41472
63453 -7529 -47907 -42824
36883 -56354 -23381 -32244
-10832 -56368 -47701 76177
1232 -86545 24871 80617
-50702 -80369 48699 84169
8679 46592 -87560 -42192
82051 36409 -60332 74493
-77695 -47934 19706 -90079
-77695 -47934 82354 17622
-11577 55206 27583 3673
-11577 55206 42659 73545
38800 -86891 -63647 -14952
-52394 78308 -84652 -43702
28803 45608 75933 53180
-50758 -76213 49874 -3098
88448 -1854 -49188 -19632
-7618 71693 -68093 63041
61193 -7183 12479 -43743
-73688 -54002 -64441 37340
42342 -27273 77162 41255
5017 16979 -18649 59468
-83842 -39582 -69406 -8217
16098 -68987 -62947 -53326
-12679 -27703 84210 -41924
-28929 31652 -95317 -13449
83171 -39928 9140 -69625
-56678 -75806 35118 51750
21948 30574 -65479 19951
-42582 -3347 -95178 28634
6156 -14261 92911 -18020
6156 -14261 11632 100344
-35211 88712 78982 51128
48750 -50389 27560 22404
-28598 -80042 -95332 -8130
36882 -86135 91190 -20241
36882 -86135 -23381 -30826
-48462 40516 53419 -51093
-48462 40516 -45350 14228
75085 -62292 58212 -6300
75085 -62292 -41771 -66503
38635 -76658 -28430 10752
38635 -76658 2289 23461
79785 -44346 80254 23145
-18150 63692 -5448 -71718
65489 21884 -21528 59235
78359 52601 -22141 57772
-68630 31114 14287 76752
-31659 42442 -76300 48469
-29939 95193 -31712 -84962
14368 97926 -29123 35690
14368 97926 -51306 36530
2183 -88468 -96798 -7729
-2640 80297 -33061 72087
71200 -34908 -7605 85392
33216 16878 -70037 65651
-2044 -69945 -89625 26464
96884 -23997 -99924 6346
96884 -23997 -37800 77053
75612 -63292 -29187 -80871
43762 83936 52977 -75472
43762 83936 87602 -2615
38975 74738 -46786 -17002
68271 -14362 82855 -2105
-31243 27574 -46729 72180
75368 42111 80017 -45249
38700 -90250 -61553 55593
-35840 -77200 56767 -67799
-69438 31555 31260 67482
-84720 -36563 -50971 -71601
-92523 -31492 15425 79734
84628 19234 16594 -41594
47350 -8870 2254 45005
368 9089 77839 -63025
33586 -57700 45858 -3979
33586 -57700 11106 -8183
-65219 -40150 -53319 78139
-27555 11294 29266 68447
-21551 -53503 -60773 -16542
-8954 -65430 82612 -5437
-8954 -65430 55487 -68359
-8954 -65430 -14897 73861
-63230 -19434 30043 7227
-29545 -34929 -50664 -39962
10908 80210 2322 -41492
-51756 18258 86071 -44113
-51756 18258 -13853 5599
-30401 42657 40159 -48333
37862 74844 36909 -49866
51536 -51360 26551 69882
51536 -51360 24636 70613
51536 -51360 -30943 42801
81617 24492 23379 86926
81617 24492 51174 -72641
-38982 -71343 -45258 1414
14617 -93526 29185 24458
60715 -54978 -36028 -77811
8689 -6103 -68839 36951
8689 -6103 -41551 -70985
-45059 70488 -62279 17948
-45059 70488 -66310 63098
-33054 28439 -8690 54027
-70807 67814 49388 -28538
-49192 15239 32224 19279
26588 78395 -32716 87414
34024 -17218 -69570 35588
-8323 58909 -40740 -74081
30645 -13761 1382 -37017
-60298 20352 65767 -42152
-60298 20352 -86851 22164
45581 -20431 9156 -102419
43136 45125 9273 -105540
-47774 73408 -9287 1771
-30671 -38842 -27028 42205
19453 -44444 -85270 7547
6358 5330 -47960 15904
-7924 7771 -76380 -52594
957 -41217 39574 74432
60306 67633 69345 -17683
62129 -13283 50388 66127
62129 -13283 -7173 84362
-21651 -56862 -58679 54003
-73856 -53364 -60917 23948
42659 73545 -58597 50718
-71316 -10030 -43719 -1505
740 42777 79143 37919
35966 -83562 -4139 -84857
-11958 -31922 69060 46687
-22511 12208 -76649 49255
-50573 -78448 45986 43835
39215 -77559 -9892 42389
-8986 55688 -26827 -6433
-42520 -71739 29057 9718
-56896 52323 -59090 -21581
76996 -13925 -100361 -11279
-46703 -5553 -8637 74960
-46703 -5553 55569 -73484
-7594 51869 -56063 73757
73323 16232 -52864 74630
-29748 36507 26446 80819
-20942 -31085 -14343 -80690
54660 -75371 48156 -11320
7027 -6226 -6647 -68389
61608 -8835 3776 -9062
61608 -8835 -24467 -6238
72596 -32392 -36925 32554
-33737 -34153 37376 -56263
76916 36826 47507 65725
16306 -47062 1661 5544
-76865 51617 -17965 -37386
-76865 51617 41313 -25411
-29337 -40554 42099 -78884
-58019 77141 33474 -19197
94760 -15440 27503 80779
94760 -15440 6814 -102656
41468 36356 44310 78611
26671 -15426 84836 -2054
52802 -45934 -57520 -71154
43415 -45837 -101100 4157
43415 -45837 -98762 -9759
11156 -104572 49090 -4984
11156 -104572 3597 24790
29266 68447 41285 -44420
9134 45254 64396 22633
9134 45254 32574 23550
-22438 -30599 17075 -90904
-721 84402 75456 -15517
52171 11884 -29739 -4347
66574 28163 -44254 714
-59976 -15731 -38281 -70527
27965 -12758 57668 -58076
-75588 53594 -44784 -78913
-75588 53594 39574 74432
-73013 -10376 -8085 5761
-31935 41919 72359 -32838
32071 -89709 77651 44228
21019 32537 33183 21788
-95613 -11788 -22702 -3219
95891 -24952 -16952 97102
12604 -75423 10419 81826
-33146 80323 -848 -92661
-90918 -40638 79189 13959
81690 -4614 92738 38332
35087 -53613 14336 -89808
-29405 -33416 -53605 -71750
-47808 -40398 -89512 -25771
-10913 91782 -30930 86776
80107 -45984 73490 57542
-3722 -89339 27209 10556
-5025 -68661 -27016 -511
38818 -85100 -64029 -52559
38818 -85100 36694 -53512
-59630 21141 -100875 5584
57390 -8317 2431 22618
57390 -8317 92351 -19932
-6542 34434 -31138 89507
35755 -76891 62762 28366
29112 82486 -85730 1503
-89047 -26847 -57559 -17811
-62962 -36826 -100716 8344
5827 -11009 18552 32048
-71373 32692 71889 43610
69938 -17716 47840 68322
57938 -7223 80847 -42900
46259 9884 94425 37642
-18978 56680 11923 75535
64378 69460 -16169 -56048
64378 69460 -44236 -15256
99268 5134 31042 -87847
65610 42082 60484 64787
29676 51050 57587 -61114
-33878 -34706 40325 -44649
-5627 36818 8698 6672
-5627 36818 -50354 39440
-5627 36818 83879 -3352
84109 22879 -1164 -38762
-94289 -8469 23239 84955
-94289 -8469 -50515 -72938
-31059 33069 -50592 -43200
82433 39025 -68359 19549
-37041 74176 80942 36424
7786 41512 -68826 64478
-64795 19328 7594 43662
-4363 -65439 -40929 -68160
-86659 20014 -64329 65502
74532 55920 58238 -11929
77409 -59321 9414 -68701
-94064 -14417 -55231 51982
15992 -104986 -97967 33474
10662 99591 26524 1559
11106 -8183 -92317 -27305
103250 182 -52574 16149
-14784 -86934 -11682 100053
-80974 48770 68320 22383
-31715 91064 5584 1751
-54310 40713 66087 -7379
-44167 75567 -85044 -43571
-65106 17722 -13921 71677
-65106 17722 14119 77390
18671 -45844 -68839 36951
-64950 -53329 58154 -68935
-56001 76149 -8895 1640
71624 -28395 -96362 -12220
71624 -28395 -16514 -51388
-48335 11437 14227 99121
87180 -5672 -22561 60547
69678 46937 -24943 -37163
46504 -27213 -10239 39992
65331 -37660 -5537 -87043
62637 -58335 -76381 -7324
62637 -58335 -56801 -43539
98964 -17882 -81470 -51372
-86720 -37547 -8974 -50952
-72205 -12051 -25051 40929
67963 -34100 60372 68415
-32879 74236 -6459 35161
-65914 18163 31092 68120
8725 -100215 42400 82588
8725 -100215 54645 -66703
8725 -100215 52587 67812
12442 97249 -18325 -91269
12442 97249 -10856 50750
12442 97249 26169 -17378
-47033 20116 -13101 -83128
-47033 20116 -32799 -79194
45951 39420 -49845 14280
-31439 -41494 -10889 97890
-31439 -41494 11050 -73603
-94941 30526 -47550 -43079
80525 42638 5259 -8764
65171 -10947 -71053 35290
2972 42386 32277 46122
2972 42386 12933 -72634
-68301 33902 7381 18196
-4049 -31125 -49521 69719
37605 -50347 23239 84955
28584 -14351 44656 -24625
28584 -14351 -24011 -57057
49712 -5801 -47344 -19444
27612 2751 -12176 74564
-31912 -80431 -25735 49
-30851 27444 -8523 -67633
77467 36588 35931 70727
61759 -55316 -57946 -70708
-25629 10009 -11166 95437
-22964 -35308 28125 7983
-44336 -69443 67179 -38498
-25121 -34317 73413 -12828
62327 65988 26913 16862
-83693 9952 -13674 -94942
85380 -46965 -37252 78147
-68410 62610 7568 -4996
-68410 62610 -957 80748
-68410 62610 -33061 72087
-31138 89507 -80933 46762
-31138 89507 74928 -60739
-20341 -52506 -86179 -37473
-20341 -52506 37334 -45666
61905 69153 -98109 -15909
61905 69153 35764 -49595
64042 20004 29057 9718
81697 -60242 -80647 -49355
-43830 -20460 -24074 15528
-2018 -87620 12937 -90576
-4380 41276 -76548 -54189
-77666 -50238 19091 -41693
32404 -57331 70674 -11732
-6440 -29672 -46808 -570
36694 -53512 -19407 -91920
27091 -18201 28318 72420
-41800 -76195 13916 103294
93069 36292 74746 38228
-65637 -37283 -44532 17933
11416 -45189 -13840 95177
11416 -45189 83510 23185
38098 -73608 13578 -40580
-68931 67058 9992 -12676
24951 84543 1653 -41698
-45701 77160 -52829 -77016
-69806 62665 29456 45062
35735 46590 -69651 32550
7265 76505 78832 36313
62229 -6009 -9275 -68399
-26710 -58249 47557 83116
-10556 6945 -21122 -35258
17290 -69781 -87971 -36650
49405 12444 28358 -16116
49278 -50939 76911 50721
43869 74542 57333 -70696
81607 40142 -51001 -3895
-79586 5129 -99924 6346
-14494 94218 44268 35613
-15553 -93742 -44236 -15256
-54454 -41399 50050 -4755
-54454 -41399 68077 40513
-87441 25173 -47907 -42824
-87441 25173 -3662 40106
84050 20790 72 5098
5697 -40206 -59981 53210
-86732 6651 50147 -25625
11431 -94390 96084 42607
39093 -89461 -69811 39028
-16 -91004 -50621 45527
2735 -7441 83476 -42889
51613 -72211 72402 15462
98766 -2881 -40679 -71689
92858 -23595 46748 68602
-10885 -28559 46535 -23948
-59079 -58399 -12407 -79655
-10824 -49216 -47868 -74017
-87560 -42192 53896 -71938
-87560 -42192 -106899 7048
73564 12792 9503 -100021
34015 -13820 -69378 -35771
-34878 27790 29615 67661
86422 -39842 -59121 -71444
-13319 -93361 -91154 -23249
-13319 -93361 5667 2479
-34308 35490 17640 -94051
80691 -41347 61225 -39836
-26068 42434 -50830 -43646
536 -86336 -62206 -52500
-34552 75782 -71291 -10896
57120 -9333 -66552 -38438
-64775 21165 34456 51651
53172 8196 -50749 73102
62797 -56324 -79747 -49542
86791 -5438 -14396 55640
77162 41255 -54385 -40512
-50592 -43200 -50005 45209
14802 97444 -60415 46655
21075 81741 83050 17141
7228 -36436 -92132 -25960
77651 44228 -66579 36605
-44453 -17248 -10987 -51919
42400 82588 81587 -47176
-49975 12360 48665 79753
12810 -71236 6100 -6091
-25957 -5716 -27253 40628
75773 59659 32161 -90444
59567 -70316 62419 63650
-49228 -74430 17737 -40541
62989 71351 13007 -95759
62989 71351 18347 27862
48665 79753 -82050 7430
80135 21214 82290 -3799
60037 -12746 36761 73076
-32811 91053 28594 1966
14311 75240 -69137 62872
-68537 -33098 -13308 74308
-57657 -20237 -86977 24097
-57657 -20237 -70493 37201
-22702 -3219 80254 23145
-22702 -3219 -10004 1655
-65619 36834 -48946 -43379
-65619 36834 7594 43662
12519 -101035 -25041 -49480
-76946 -8653 74502 -30430
-19065 -84999 78213 59400
-19886 -53844 -95747 -9378
-19049 -31507 -54098 -71841
-77055 54458 -13990 -97061
-9288 73385 -33026 27517
-55671 -68574 13978 -100126
-55671 -68574 -18824 -37455
-42111 -17063 -60175 -55799
-28278 89695 -65108 67088
-70121 -40346 49624 82263
9351 -73596 78733 43461
-61136 51111 29943 3868
70955 48914 -51762 -78690
-65368 64946 -64837 31676
1278 -91416 28594 1966
-18824 -37455 -58814 53079
25411 21020 93874 -21329
52452 15542 -12878 4978
52452 15542 101487 36840
63925 -42201 -46180 74601
63925 -42201 49624 82263
87908 23573 15425 79734
-33963 88134 52787 63281
62402 20927 43313 79345
31042 -87847 35568 47228
62342 -7870 -11638 -29324
68390 -12431 80350 -42652
-34920 -77849 42611 78618
83033 -4951 50799 -5003
14577 -91830 30017 -11151
1513 -41050 1818 6423
1513 -41050 54645 -66703
-7797 83346 -32019 32840
-47981 14066 6794 43913
-47981 14066 27507 16829
-47981 14066 -30832 12768
67009 -28848 80415 -41870
67009 -28848 -42607 -1418
-9986 58785 -5836 -71484
-9986 58785 53896 -71938
-98109 -15909 29702 83315
30645 50459 37252 -48704
30645 50459 -42272 -2302
-31823 38291 70006 43344
-31823 38291 9273 -105540
-72316 -51773 -93251 -9476
-65411 31209 -53310 74741
-61926 49498 46527 37743
-61926 49498 49979 -50380
-63487 -21431 35442 49161
50695 -52999 -13275 77219
-17293 -33685 -90965 -26091
-13066 -78712 -47761 -72613
-51432 75655 67517 -45408
-51432 75655 98803 -19892
-77379 46385 -7176 72486
69573 -31867 26568 21522
-68359 19549 47639 79830
-15523 -50506 50802 -46917
-15523 -50506 81209 17893
-50801 13006 53771 69618
-65155 35758 -31665 74603
64108 46240 92031 -22530
41285 -44420 -54037 -39510
-66128 19158 35568 47228
-66128 19158 7747 8594
-34226 -35708 47646 -23608
67099 42972 29223 46094
-60043 50467 6988 17407
-47234 41769 -71149 -12091
79184 -45161 92858 40263
7007 -35850 -87481 -38266
-6867 -63907 11654 -100348
-10484 54562 4628 17212
-10484 54562 26568 21522
-14610 97340 46712 -29944
-12735 78470 39350 -79277
27002 -17466 77892 40788
-52714 -75474 -48112 44787
50281 -23458 -89542 -38856
-65536 65584 -61313 18284
48971 -27814 -62042 52620
48971 -27814 -27016 -511
48971 -27814 67843 -13525
-66507 33367 -77457 -56076
-29945 -83783 28896 66265
30540 15472 -13840 95177
51151 69430 405 -40979
20325 -93675 -90690 27594
-64197 19609 -4968 37762
-16203 60508 -46343 -4865
24465 9727 53896 -71938
46527 37743 26233 23037
-30412 73635 -58262 47789
-95829 27059 -28905 29723
-91614 -29605 -3662 40106
-9403 -70020 19706 -90079
-8488 -33763 -3810 85338
-52844 74022 -75204 46311
-52844 74022 -92194 -28703
61643 -42474 71924 14046
-36329 91309 102476 -3397
-36329 91309 -65870 21155
-100707 4946 -63154 34533
20068 -92830 -85299 9851
20068 -92830 -56063 73757
-5123 82416 19074 27599
-5123 82416 -13275 77219
52834 15105 -43653 -71995
21371 85733 76839 -66675
-18452 -83536 65343 28683
16595 -92822 -12352 9687
52180 -6172 -99179 -11648
52180 -6172 -58597 50718
80350 -42652 -4017 -65197
20548 83715 94106 -24314
71040 14115 80223 -43916
52237 -71195 59300 -5876
-32953 26504 -10817 94652
-32953 26504 75091 57832
99428 -1344 27684 48204
-8637 74960 55676 -74280
-7493 81764 68847 41274
51702 -47676 29185 24458
51702 -47676 -18171 -34525
-47542 -1535 8974 -9410
-5906 56829 -91507 -30401
-65121 26390 14428 -104648
-51346 -37211 -15215 -92696
66256 47624 46908 -51590
73696 8758 26502 20740
23405 67322 95514 34907
8753 20425 -97111 -12914
23379 86926 34656 -91742
-28671 88906 -58345 47062
-82119 3477 -46712 41028
91584 -17387 73496 -61764
30266 69236 -48556 -5280
41081 -75618 -49071 1618
15219 96720 -69180 61849
15219 96720 -13275 77219
15219 96720 -90690 27594
49442 -47330 13038 -41831
-20969 -96838 69489 49778
-2301 -69100 -84234 8721
-4793 79163 12153 95896
-83063 -41168 -85767 25094
49866 -10250 -50591 73981
49866 -10250 49388 -28538
-9465 97043 -61348 -23711
-8494 -54219 -96801 31056
51284 13121 -11111 -30324
51284 13121 83486 6
-76630 -49064 -2663 -66349
64271 63378 -13921 71677
-63154 34533 -44532 17933
93593 -16193 31312 -86832
93593 -16193 73371 55611
83619 24495 9119 -72693
83619 24495 36137 72060
38207 -72299 11281 -68083
29814 21848 1421 -38713
-25320 42186 -66552 -38438
-33243 34360 -1808 81954
-51760 -1017 97549 -20280
34143 -85039 34144 -53840
-97623 27594 8777 18496
-67903 30851 -981 82261
-67903 30851 93742 40194
31066 47295 28402 17752
-54385 -40512 48606 -23379
-17826 62931 -12255 -55737
100449 -2781 6236 78366
74665 58279 55444 -61459
-12959 -84323 -50005 45209
-19742 60113 27972 3439
-13085 -94113 -96071 -7460
-82261 4672 -848 -92661
-51671 -45285 -8400 76852
-51671 -45285 -61908 -55322
18347 27862 10145 76907
-16580 -52170 73006 -11978
1382 -37017 -94077 -29672
10405 97594 31923 43493
-57682 -58099 -94459 31241
-53126 43641 52592 -51400
-83369 8034 -20475 -54673
-86467 -42941 -14292 62322
-40679 -71689 26243 -14589
33029 -15464 -48687 -1247
33029 -15464 28536 65576
-7914 81278 77682 51482
17844 -46151 27209 10556
17844 -46151 -31426 -3656
44656 -24625 6794 43913
66192 28600 -36289 -81791
61500 -38913 74928 -60739
61500 -38913 -36028 -77811
18737 33394 1949 -39263
18737 33394 58851 -10466
36202 45871 -79445 47652
79436 21035 96964 -50
79436 21035 54529 65972
79436 21035 -21528 59235
79436 21035 -19154 -84264
-66465 67547 15924 32038
51092 67341 1641 2881
-12407 -79655 -61590 -52818
38159 -84158 -50200 -72353
-69202 -36812 30327 8054
48691 77017 7351 2930
47639 79830 -28430 10752
74746 38228 14202 -106075
-89850 -26817 -40698 -18443
-28647 76653 -95330 -15592
5720 23694 -33410 -81557
-13178 100540 16634 -97149
58565 -63574 97259 3941
-49225 72155 21174 28088
15907 -90773 2084 -33350
16160 -40263 61225 -39836
-50605 -45343 -30777 78070
-13101 -83128 45986 43835
-27080 -37230 -102425 8363
12253 103170 -90825 21682
-62862 -51805 14320 -100925
49536 8411 25595 68584
-34111 -82116 20454 35434
-61097 -14624 38512 -75260
50106 16111 -66312 -54676
5110 40106 -12629 94004
15811 -46032 -8778 40888
-89335 18608 -8132 95028
49657 77353 -88540 -44004
86282 -41355 -56180 -39656
-101100 4157 -54896 51098
-725 -38332 74894 13849
90688 -22193 92310 39169
26551 69882 29447 -18851
22376 32078 -74464 -11630
-48192 -73256 -4017 -65197
-70318 70787 39117 -90974
-70318 70787 25575 65921
83346 19576 14861 30592
-57327 -72300 -75649 50044
16594 -41594 30017 -11151
46942 80273 -13797 1444
46942 80273 -61556 -20980
-25488 18508 -14127 -83051
33993 43899 75074 -18133
-11774 -54786 -27928 42964
-58545 51593 -24467 -6238
53410 -47695 -70301 -34158
24277 9117 57844 -59118
72682 -11217 -9773 -68151
74461 7294 8379 99318
-62465 -22867 13993 79323
-57153 47774 -53703 73952
1949 -87716 -91881 -23518
9418 -13143 -56873 76853
9418 -13143 -13860 54933
-22718 15069 -72316 -10820
-63753 -34604 -84111 -38325
-81613 52937 81743 -65113
-12552 55828 48055 -9385
54580 9325 -80320 49392
-21373 -31729 -5294 -67174
75284 56686 42432 -28008
43679 -28586 49090 68839
51407 -73544 76730 43458
-34295 -36595 49090 -4984
92195 -18379 60677 -40930
54561 -68224 10502 -68277
54561 -68224 -61388 -19384
-76834 -12281 72149 45752
-9853 76532 -21156 -38572
-14679 96453 48156 -11320
-58345 47062 -7918 77567
-15599 4274 84796 20830
-27928 42964 -27686 15328
-27857 1145 12653 -103446
36152 -54743 -8033 -66078
45100 80224 24884 2481
15978 99633 -85105 686
7108 -11351 -8363 39236
7108 -11351 45491 79020
-10898 -33601 46804 81942
102573 -527 -38353 31037
60604 -43719 93742 40194
27361 81974 46535 -23948
74833 11105 565 19282
15277 -70748 -45704 -16351
9337 81175 35325 -61755
-94221 -15607 -51938 76970
58547 -7815 68050 -30470
58547 -7815 74928 -60739
-40198 -69771 -19711 -31605
69375 -39992 -90451 -38069
69375 -39992 -11206 75318
-7301 82741 48674 12911
-30433 -38396 -32019 32840
-30433 -38396 -34970 30127
-14216 8690 55738 -71889
98349 33849 -8033 -66078
-83320 -40323 -80376 7351
-83320 -40323 -981 82261
-83320 -40323 28036 83656
15016 -101134 -77472 -47408
44831 -25667 24897 7524
42482 36251 23007 80831
71551 -31163 -14969 6750
-9590 36486 32875 46403
32258 23694 -49919 -77489
-93717 26160 -73258 48591
68114 25243 -76642 -11304
68114 25243 65113 65017
35654 -58966 2431 22618
28383 48383 84754 -5093
33770 -89716 41970 44372
-36593 -79140 72580 -27073
-96067 26613 -23914 39088
-90496 -32108 -27140 92676
-25478 39425 -63221 19530
-16305 61355 -44200 -22642
-64452 68514 -84078 -43236
-64452 68514 7747 8594
53180 15348 -50916 -77092
-34639 -81566 31531 23888
-34639 -81566 7587 6584
-34639 -81566 -27253 40628
-19896 -93475 46964 -20857
80254 23145 1661 5544
-15511 -80559 3580 -33836
-82952 1820 -29236 75824
18893 -95019 -60610 55820
47681 -2502 -4697 -88717
47681 -2502 41786 36732
8545 44425 -84751 3315
61330 66385 47835 8516
61330 66385 14587 -101888
2322 -41492 70955 -15450
-17182 -98248 -10042 79374
49979 -50380 1749 22210
93834 -19633 26243 -14589
93834 -19633 -19485 -82224
49066 -11092 -33786 91675
4254 24095 -2629 -89983
4254 24095 -22561 60547
32642 16412 -100982 9307
93451 -16769 34294 -74742
-43495 -71117 643 -90060
5639 15505 -31718 90409
-65765 -35570 -41845 -18027
-65765 -35570 5961 -5096
-33428 -82739 6101 48522
-28430 10752 83674 616
-53553 44088 61550 -60783
26335 82051 -27415 10646
-9171 94472 -67513 30270
83859 -6016 47177 67765
62046 71124 32814 -90990
31840 -59025 62419 63650
75785 39473 71251 10144
81822 20524 46859 10699
-71293 -35040 74233 -29173
96528 38652 2113 -11324
96528 38652 26502 20740
-97678 -7561 20658 -92001
-97678 -7561 7587 6584
14431 -71508 57435 -71543
83383 39788 -88314 3536
6569 8088 -52384 -42010
6569 8088 90682 -1473
48297 -2820 -17640 -82036
-10962 7796 -12582 -53112
-59545 54690 -3476 -71289
-61908 -55322 -5721 -27065
-30764 -3099 73682 -14315
53144 -46732 97338 35556
-92317 -27305 -71080 -8138
50908 -45512 -17765 -80003
6351 -37276 -73701 -8327
-45377 74571 -59638 -22641
-1950 83149 -47564 12198
-99274 30749 43439 -47766
-70301 -34158 52587 67812
-55231 51982 -11725 -32954
63510 -5449 -36162 -80169
-64441 37340 57844 -59118
-58975 75843 53563 8065
-12965 72951 44195 36626
-74654 48290 -64395 32469
-74654 48290 -102425 8363
-60740 -52901 -30245 -77910
55050 -69839 220 -34347
14707 80904 -77457 -56076
-24011 -57057 -9120 58098
5443 4175 -28217 -51427
8263 97250 76911 50721
16728 -44005 49952 64339
48470 70432 56692 -62037
72962 -27510 83674 616
55676 -74280 -12915 58919
6082 -36019 -68048 -34714
-27391 -38275 -95901 30297
36693 -83293 -19407 -90502
-70077 67347 34048 -18731
86166 -997 -1262 -37625
-44589 -22408 -20093 -31168
-43620 -69084 52140 -46032
8698 6672 -97108 -12260
-54406 77341 -42386 -23403
10245 102655 35282 -62778
-48813 -76082 9034 -5860
-21156 -38572 100241 3057
-63293 52102 46370 -10682
-63293 52102 -97649 -9865
-63293 52102 97149 41477
-76642 -11304 -26244 44092
-29759 -7010 52587 67812
-87382 -27188 -92533 -10647
15233 -44476 -40817 -70020
-16036 58448 -49858 38410
-35624 29168 45274 38711
79897 53512 -54427 38645
24871 80617 3325 40744
5609 7859 -32225 -37206
38948 -71472 -4281 -85433
67451 41329 21818 80590
74587 -62044 68665 -11508
17292 -93266 -26985 18995
17292 -93266 -53605 -71750
101566 -3624 -16488 63816
90682 -1473 -96106 -27625
-66478 -18163 98250 -19463
-46369 -20066 29240 7257
-46369 -20066 27684 1738
16430 28375 50388 66127
95085 -22502 -19 45654
-27016 -511 28776 51237
-91336 -38000 87956 -41434
97338 35556 -14899 53688
97338 35556 -71053 35290
-85036 -36419 -36591 -72797
-57758 -70097 57811 -68137
-18725 -34096 -60907 -17466
33793 48430 -28864 -6087
2236 8311 38605 -46697
-99506 26625 48316 38832
-88730 -30930 88884 19722
-61556 -20980 220 -34347
-36785 -81186 76611 15890
6044 46442 -32245 -39044
-7329 -31693 -52864 74630
-75649 50044 -43512 -4366
63668 -44198 29387 50245
-88401 24944 -27748 -38020
-69811 39028 -30261 43210
67730 -33068 65265 46742
93966 -23667 23479 70112
34048 -18731 -31737 77841
31313 -57051 -64029 -52559
69894 44575 -29489 12431
29615 67661 -26827 -6433
80223 -43916 76936 39490
-29187 -80871 -36591 -72797
53419 -51093 -70493 37201
53419 -51093 -60907 -17466
-13976 52865 -49919 -77489
-13976 52865 6103 41061
39495 70506 2628 41225
-51863 -76680 57495 -67993
-96178 27844 -21581 13228
-96178 27844 -23381 -30826
-91118 -30635 -14071 61736
4628 17212 53119 11798
26502 20740 70955 -15450
-69283 -11229 -86423 23668
17745 -71119 -97539 -8555
-48428 44932 -46077 -78501
-67396 24257 62209 -59838
71617 -10087 12596 -91881
71617 -10087 -51938 76970
66755 41811 36441 70478
-57395 -73187 50190 -3242
84546 24359 -10338 -69845
19091 -41693 5584 1751
19091 -41693 -91154 -23249
23314 4409 -2131 -85760
-25595 17104 -11885 -53555
-13275 77219 803 47671
14753 -92872 26329 10724
-66520 31224 9992 -12676
-15484 63116 -61443 -59617
-931 -39665 79222 41845
62287 67684 27745 -18747
4516 -13339 46070 80977
-60917 23948 803 47671
-34969 78846 37435 -61644
-34969 78846 51076 -71504
-35746 -33929 79559 -60976
76327 -59971 32135 -55034
29234 -17857 -38353 31037
-53365 44698 57602 -73603
-53365 44698 -41845 -18027
-53365 44698 -10284 -55308
102501 2711 -36839 -36961
14064 31550 30327 8054
-48526 -39227 -74446 -50356
-48526 -39227 12153 95896
-42778 -73735 34456 51651
-59906 -58706 -47769 43989
46370 -10682 22822 83066
65080 -40102 -258 -35763
20043 -43615 -97649 -9865
79066 -61067 -25390 -32020
2943 15915 24890 81800
43553 -7746 81980 21402
-53655 -40979 33266 -13572
-12615 -56425 -10260 77382
-32765 -34812 16953 -42427
64167 68360 -11725 -32954
-56420 -73809 29718 9816
-30220 91535 -25816 -8140
99333 40186 -56801 -43539
99333 40186 -45464 12687
-21473 -39003 -3192 85587
-86800 5764 51591 -7001
-51309 -73734 61443 -55172
-10536 -27557 39213 -44989
99128 3163 33991 -46452
-31665 74603 -31960 27459
-31665 74603 93401 38889
27507 16829 49860 66677
44125 80846 45356 -10577
-33456 -37871 31474 21808
-63945 36755 -84102 -41723
28342 5621 -27511 14286
17729 -47693 -49061 75764
9887 -102886 30240 -10624
-5836 -71484 -32919 33599
-68615 -10440 -100447 7088
-15697 5411 86853 -3046
-14169 59310 -89048 20309
-39871 -73364 -26590 43849
39141 67877 10061 96433
26260 17408 76054 54523
61662 25203 58851 -10466
55444 -61459 45491 79020
-97649 -9865 -34920 -76431
76186 -60524 35084 -43420
-62279 17948 -45251 72638
67908 -45538 -59659 78395
67908 -45538 -44529 -5626
-30446 -40539 -31737 77841
28776 51237 76487 -65032
30360 3144 -57571 50641
-24695 -54705 5250 8693
7587 6584 -73760 -10416
27645 6064 -12878 4978
50415 -9190 -62111 51733
-86962 -41911 -3884 40692
15183 28954 76582 53973
54336 -47526 -89735 -37710
-65108 67088 92911 -18020
-468 -85636 -41115 -67198
-468 -85636 -15024 -56319
-32333 38540 80718 38121
43045 -26545 62414 25969
-85071 -40835 -43606 18102
-19485 -82224 87034 1127
-58658 -54247 5663 21613
-47326 -73943 -22192 -50770
-80647 -49355 -7978 59152
84029 18953 508 43680
-29024 392 53119 11798
78647 58069 -28190 -57056
29214 22154 14002 -45140
-18325 -91269 13973 -67180
-18325 -91269 98250 -19463
61443 -55172 -7418 41301
57435 -71543 11654 -100348
-57559 -17811 82354 17622
-86615 3529 -41771 -66503
-32285 95762 17544 -96921
-7842 34788 -3841 82073
12569 80170 -32556 -40650
83581 -45470 529 46748
-90415 -23919 -28832 -79290
66087 -7379 -90294 -39622
31312 -86832 3569 15099
65337 63320 -36298 72895
67922 -32091 61230 26233
8519 21177 -92194 -28703
-48003 -79178 -7978 59152
75624 -16155 -71551 35538
-95842 24916 -28623 74724
49147 -2903 -35478 -80291
49147 -2903 39574 74432
35098 70815 1414 46679
-75899 -50676 -18011 -32514
48181 69627 62773 -45121
-31320 87358 -2723 79570
-31320 87358 55024 -58684
77894 56895 -12378 -32408
52977 -75472 -10239 39992
-44920 -5495 -46078 73754
-10856 50750 10502 -68277
-47464 19472 -4052 -69612
45491 79020 16664 27761
45491 79020 76487 -65032
67426 -31486 71649 13523
-63220 -58244 21840 34297
38603 -47352 2290 22065
56057 -59996 61795 27562
27880 46431 95301 35901
50717 62875 9510 96671
2077 41463 51071 65504
12195 -99118 84308 39732
51076 -71504 83674 616
69150 -27307 15616 102384
30150 16054 803 47671
80343 -59090 -52209 -73547
-28832 -79290 46908 -51590
-87871 -43798 15203 80320
-87871 -43798 -36839 -36961
-105798 8815 43750 -46721
-28594 30768 -102353 5125
83486 6 55024 -58684
38100 -57926 -48929 775
-45259 -74796 -65603 -32867
-61730 19008 -56771 50390
-33921 -40375 -67513 30270
46761 11836 83879 -3352
75456 -15517 -68027 22146
75456 -15517 -34920 -76431
-15423 75835 60921 22119
87194 21992 -65951 -20137
-31503 40889 63288 -11213
26233 23037 76608 -63689
45565 -51253 94458 40553
41875 -47429 -66428 23666
41875 -47429 -62703 -14725
60677 -40930 35931 70727
32814 -90990 9273 -105540
13316 -100225 -41771 -66503
14336 -89808 -33348 -78814
-957 80748 -42272 -2302
18678 31305 3185 4597
43968 79967 48661 7869
-48686 -41238 -71080 -8138
-11536 -54340 -32919 33599
87144 1714 -21809 -94550
-26585 132 -14074 -82176
-26585 132 33335 52758
-64464 25696 643 -90060
79143 37919 -25735 49
-6128 57415 -86855 -42707
-48929 775 35995 48732
79064 51855 -36951 73441
2653 -38049 3948 7900
50666 -52077 -12676 57861
-37260 34069 79631 -64214
76762 -13173 -95444 -27068
62588 -38489 52080 -69642
-31426 -3656 87602 -2615
-74657 -53114 -44102 18687
-28610 -54281 87468 -204
83481 25489 12031 -93575
84105 -1587 42012 -25233
-46052 72888 -45464 12687
-7173 84362 79559 -60976
75954 -64648 39961 43178
75413 10204 -11616 38210
16775 -88649 -16139 -77949
-11505 -26966 59548 -57399
-11505 -26966 -84652 -43702
34002 -54416 37125 -72949
98159 3754 54326 -58862
37017 -85211 -26208 -50233
-157 -89809 -47650 20434
-20649 -94240 62771 -4779
28933 -13349 37334 -45666
-31220 94632 -4825 -73191
82612 -5437 73371 55611
82612 -5437 58608 -62551
74375 57473 61526 -44542
74375 57473 -49302 -3902
11933 -92438 15683 77053
-71688 65427 67878 21589
35698 71630 82354 17622
67854 23102 -71181 33668
-12178 52048 40200 69991
-14074 -82176 84528 -39420
-6210 -64601 -2131 -85760
75520 9408 -13860 54933
-33739 30792 5681 4621
47835 8516 49090 -4984
41141 -72068 -50342 -72929
803 47671 60382 -59511
48058 41513 -94077 -29672
13163 -43864 46830 -4638
34262 -45437 -64395 32469
63288 -11213 73682 -14315
-70460 70211 42099 -78884
35656 -88093 2376 10283
58998 -57019 32 -34957
38065 -44303 13580 -41975
21174 28088 -19711 -31605
-7986 52000 -47836 71016
-63134 -23073 28036 83656
25288 78749 -5419 79980
-41551 -70985 14233 -48125
51591 -7001 72359 -32838
-42607 -1418 -94665 -11874
104218 -706 94768 36285
66382 -39309 -27606 -52419
11050 -73603 43052 43605
93401 38889 67769 -16314
-33456 75792 5667 2479
-12378 -32408 -46184 20033
-106146 7813 51071 -25680
32029 -16254 -27686 15328
25546 4018 2376 10283
-30261 43210 37211 -59947
-30261 43210 31860 -85738
-5455 -28028 -9892 42389
-46184 20033 -30938 -81383
-4323 -92497 39826 76874
83196 -800 61106 -41767
31260 67482 -57571 50641
-93763 31032 -72292 -53702
28608 64564 -13748 92839
25575 65921 49952 64339
82523 -4702 75248 40180
-71264 -13633 -44823 74142
-71264 -13633 6831 16217
-7091 -31247 -33131 32500
-43673 -74658 53250 71033
31406 -13042 -14599 -52119
-28572 92265 -60438 -23483
-27963 35869 -11054 94206
-43606 18102 -34970 30127
49090 -4984 -47907 -42824
-14071 61736 61106 -41767
-46245 -76440 -44912 1657
55418 -55829 75218 -59934
-28217 -51427 79201 -60143
-49071 1618 -49302 -3902
62419 63650 24981 65954
58149 -11194 76409 40489
-30520 -84250 -54971 80239
-10485 35563 51669 65785
97259 3941 73226 -62780
-76300 48469 -29835 28704
-82050 7430 -58597 50718
18668 -89071 -55894 -69100
-106899 7048 66878 -9602
-96713 -15965 391 84490
11423 -67508 35225 -84388
-68806 66315 7351 2930
-41053 -20024 47866 -3464
-12890 -80370 -51457 -37798
68050 -30470 -26019 10590
-2976 83226 -26019 10590
3612 16122 35325 -61755
-89344 5398 86853 -3046
-28367 -34423 -75406 -50585
10618 96599 27448 64385
-15987 95558 -47028 38908
29046 48940 -93251 -9476
-61207 -15211 -12426 -81446
-70940 -6625 -81302 7182
53250 71033 -51762 -78690
40325 -44649 -64029 -52559
-15497 73046 97366 34634
101487 36840 -102038 26720
44195 36626 -40605 -68921
15767 33591 64317 -43405
10025 -69694 64590 -38486
-66312 -54676 86764 -40640
-53533 -74988 -30919 34583
47866 -3464 -8591 -68520
5259 -8764 30460 -15106
