9715299 4555256 8303428 5181594
9715299 4555256 9710653 5135573
6079899 5647650 6046922 5177130
8153527 4663211 8575977 4048514
8286043 1218030 7897772 1665098
4956167 6827589 5030369 6902186
8321769 2606074 8025866 2113258
8287157 2089131 8190212 2068803
7507578 1610489 7369101 1549829
7507578 1610489 8158487 4659908
7712924 6191827 7737988 6119641
7712924 6191827 8236462 5455043
9180358 1929300 9428422 1841803
8059198 1518472 8278356 1225012
8939405 4025907 7929218 4041372
8396584 1334030 7928661 1422311
8396584 1334030 8310133 3196488
7149399 4420457 7526112 4514240
8374387 5344385 8265082 5355122
5575963 3991118 5387857 3958817
5614364 4430494 9245533 2729571
5614364 4430494 5565177 3968657
7900540 3933664 7254299 4107730
7900540 3933664 8152530 4632800
5998591 5652639 8144303 3345581
5998591 5652639 6071761 5876659
9325546 5155066 9729212 5107011
9325546 5155066 8303660 5178330
5447788 3695950 8596907 4687146
5447788 3695950 6014820 5624808
5447788 3695950 5687095 3548525
8925174 4023740 5684052 6467681
8925174 4023740 8228070 4086889
8925174 4023740 8690477 3608523
7753115 2133351 7734650 2728764
7079184 6007489 6421360 4288653
7079184 6007489 7052703 5926706
8336102 3191169 8343656 4525164
8336102 3191169 10556298 6189599
9356709 2065914 7724717 3628074
9356709 2065914 9183773 1918628
10327977 6457296 10546882 6205941
7746236 6134621 7539717 5877235
7121332 6648898 7326682 6914904
7121332 6648898 8227543 1254647
9261748 3463121 9685448 3435877
9728873 5678390 9566808 5548144
9728873 5678390 9714511 5630474
8302200 2549459 8222308 2579861
5129410 5547089 5063449 5502091
7776033 4085570 7502938 3997233
7776033 4085570 8297639 3949453
7395350 5803684 7882918 5376999
7474208 5075803 7879163 5411660
6968896 5409319 6604274 5333480
8561735 4073152 8452615 4145809
9849783 3714678 7535646 3736339
9849783 3714678 9933424 4061135
9343204 2051050 9467363 2230769
8618441 1537308 7918096 1412631
8618441 1537308 5123654 5545276
8353696 4519820 8125269 3303388
8450539 5754148 8529637 5797428
5405015 5675806 5706990 5670136
7769571 5394277 7562369 5227982
7875204 5404437 7557339 5227498
7685302 3587581 7927726 3329275
6687374 6593389 6231741 6446512
7356534 6740169 8608113 1004597
7356534 6740169 5184327 5540172
7356534 6740169 6936322 6736493
10186672 5960922 8029985 2113518
10186672 5960922 10366403 6465039
7738179 6278037 7638500 6365263
6644611 3481266 6500684 3485748
5917525 4057307 6094587 4352090
5917525 4057307 6153309 5062829
8053852 1513488 8390623 1329688
5834889 5931653 5855589 6663854
9428643 3248509 9634440 3557191
9413491 4029328 9087289 4203179
4786545 7060207 4952935 6810456
7051080 3445873 6494254 3053310
8292756 3165560 8322561 2635479
8292756 3165560 8032004 4243388
9199711 3370571 9245434 2701966
9177306 3349211 10625360 5495620
9177306 3349211 9715926 3150527
8844572 2519934 9445945 3327401
8844572 2519934 6427843 6366486
4997676 5759323 4992698 5648814
4992698 5648814 6559959 3147377
4992698 5648814 8043021 1529603
8235270 2600620 8029985 2113518
10406219 5609301 6943934 3367672
10406219 5609301 10637298 5627444
7722311 6203527 7540856 5873953
9200219 3357657 6862007 2635498
9200219 3357657 9234768 2973171
8240215 2193920 8225259 2596791
7263187 6617699 7160277 6722674
6363000 4821983 6207398 4805676
8142563 5202390 8249129 5135032
8142563 5202390 6158718 3938064
8142563 5202390 8466057 4129370
7129608 4372028 6916214 4543684
5711480 3500047 5417494 4029064
5806064 5945282 5419893 3991646
5806064 5945282 7256318 4503890
5806064 5945282 6460906 6377644
8575977 4048514 7543113 4873890
9380570 3661579 9226180 2958699
9592233 4891269 9370782 5113021
4760116 5762206 5008752 5753924
9275926 3742681 9324824 3486794
7461696 4630570 6534462 6920367
7461696 4630570 7241000 4777634
8212838 1476949 7569282 5691389
8212838 1476949 8014462 1550906
8212838 1476949 8311758 2602245
7838469 3267586 7968553 3637475
8283098 4081511 7769590 4136688
9445072 1808519 10743082 6222962
9445072 1808519 9344266 2071157
7611922 5759598 7427423 6007645
8079059 1499196 6198310 3213994
8079059 1499196 7861279 1629814
7915508 2768228 7726917 2698532
8303660 5178330 8139966 5200328
8303660 5178330 7504126 1593170
7547908 4880527 7047884 4263955
8125612 3364024 8346485 3246461
8125612 3364024 8301521 2567771
7253987 4501645 10147115 6188425
7253987 4501645 7162357 4421057
10812115 5441619 10740223 6053485
9176049 4048274 8423362 4146993
9774000 3784278 9857375 3727862
5736136 4306102 6413365 4284182
7100454 4373324 7528443 4516484
6854128 2636817 7777459 2704790
7272090 4104746 9278006 3744508
7272090 4104746 7526935 3996320
8031553 4208050 8302228 3907667
8031553 4208050 5920678 5964507
8031553 4208050 9725953 5639962
7892825 3039351 7801395 2219197
6615928 5319418 6724171 5704609
6419364 6346555 6678439 6598149
8030210 2113454 7258782 4508282
8030210 2113454 8230549 2601968
6067378 5866876 5921905 4077057
6067378 5866876 6090634 5858082
6067378 5866876 6654569 5591408
6067378 5866876 7884125 5218327
6067378 5866876 6505269 6156834
6166713 3942535 5580361 4228692
7113519 2198569 7025704 2692814
7113519 2198569 10817213 5474020
8280613 4188321 8280918 3168182
6701315 5671264 7095916 6019653
6701315 5671264 10658967 6062801
6701315 5671264 8258700 4127492
9993187 2856794 9393174 3508705
6207398 4805676 8295902 4147015
7149254 4404035 7529154 4859107
8275744 2074914 8429871 2367360
5928137 5971730 6447624 6456524
8355135 3233362 7943950 3639105
7822510 3248880 8303694 4030306
7822510 3248880 7198844 6833455
7171032 5508055 6697738 5695626
8225121 2601662 8243119 2091638
6653032 5584484 7130400 6168871
9736496 5647103 9566445 5549634
9543142 5532575 10225875 6005325
9543142 5532575 8299464 3922844
7121585 6157705 6838129 5818973
7853574 1641362 8240862 1256698
8364488 4357073 8565932 4063092
9143822 4045635 9100130 4202403
7522498 5881265 9412570 2152223
7522498 5881265 8107840 6049979
8102238 1940957 8229021 1242432
9275965 3740285 4780701 7057177
9275965 3740285 9324010 3537108
6341369 5449887 7113057 6030195
6274931 4452795 5509264 4185012
7935450 1378601 8254015 2251929
7935450 1378601 9696202 6402716
7935450 1378601 8415975 5796793
8281670 4144848 8258714 4081122
9198629 2802750 9224749 2480030
9560837 4918746 10030106 4536006
8249866 4081095 8467466 4145430
7856020 3258760 7599982 3822812
6418577 6411938 6538116 6908047
6941320 5601345 6662036 5611509
6941320 5601345 5774914 4309577
8090081 3878313 6388973 6875024
8090081 3878313 8289701 4154505
9868895 5894969 9560141 5537830
8026353 2114900 8311532 2571600
9550240 1529776 9339258 2084431
7526935 3996320 8392907 1327568
6342573 5453559 7087780 5953084
4995376 5764835 5040996 5533061
8336940 4465104 8477140 4452433
8336940 4465104 8808284 5078488
7558394 5566753 7755960 6417429
6918679 4548076 7077847 4279786
6918679 4548076 9695970 5839176
8246112 2227383 8101424 1894055
8246112 2227383 4983492 5659509
6050746 5175302 5999592 5686037
6497188 3484624 6718034 3504855
8879135 4021589 9194880 4132052
6421105 4278962 7573952 5585872
6421105 4278962 5573605 4415717
6421105 4278962 5099557 5787194
6421105 4278962 6953973 3368592
7085783 5371952 6921141 5612752
7514897 4848480 7448653 4627197
6426063 6331616 6537759 6911872
6426063 6331616 7132945 4376491
6908112 4295678 7178827 4430865
9704993 3143582 9406897 3495049
9704993 3143582 6890844 4274993
9704993 3143582 8181059 5128978
6665917 5599881 7524989 4855444
6665917 5599881 6859827 5845536
10056509 5939204 10201429 5985961
10023212 5068684 8237374 2218433
10023212 5068684 9695990 5111124
10023212 5068684 5754838 7185512
9182463 4130744 9139901 4049048
6057440 6438388 5640333 6484712
6057440 6438388 7528384 3743545
5660131 5712852 6389060 4778784
7910001 6162449 8008828 5919204
7910001 6162449 7519630 5075329
8762619 3152819 7924546 3642940
8594967 4073569 8471427 4468534
8594967 4073569 7754739 4137066
8594967 4073569 7181967 6719701
7892426 1660114 8398310 1322706
9184896 4048302 8237567 4146410
6120300 5880945 5444384 5386761
6627743 3311690 9200171 4053366
6627743 3311690 6628330 3009986
5184327 5540172 5123654 5545276
7461643 6631376 7198844 6833455
7196478 5412573 7147283 5521534
10889566 6132539 10799996 5532357
8271120 4126398 8480274 4468562
8271120 4126398 9942794 6416428
8228239 2608097 8240073 2193381
5604388 4414721 9838634 3764186
5604388 4414721 5774659 4299886
7236864 4497382 7521947 4510577
10247507 4687837 9893133 4750797
10247507 4687837 5752195 7177679
8346447 4480657 8277493 4125822
8346447 4480657 8217587 2581209
7371351 1533447 9378097 5116860
7371351 1533447 7460319 1954513
5385758 5678012 5500023 5467484
5385758 5678012 5751969 7177347
5385758 5678012 6111383 5623799
5385758 5678012 7736342 6110130
8369005 4337174 8471086 4480965
8484618 4182580 7889664 3300942
8109943 1929410 8067218 1484929
8339222 3253668 8278127 3212689
5921905 4077057 6002605 3937331
10434108 5571987 10051642 6411048
8268742 5363399 8297527 5170565
6382533 3247473 6526089 3062758
9719057 5627780 9932649 5955430
8168378 4662833 8264108 4056456
8046583 2555097 6981273 2675836
8236595 2195942 8301279 2554313
6777144 5907807 6960664 5381970
8458795 3805685 9417112 3621246
7429231 6015918 7573952 5585872
7098142 6023456 6654569 5591408
5986877 3918835 6252188 4465470
9148246 4059552 9007226 3910151
9331980 5165459 6921349 5414389
9331980 5165459 9594081 4888772
9521601 4353775 9693072 4278108
9521601 4353775 8447611 5856196
9521601 4353775 8225980 3992665
5625920 3249466 6074197 2960853
9340874 4927562 9344038 5163612
6633837 5637046 7533509 5065070
7538162 5240413 8277910 5133222
7743367 2700380 7570044 2729417
6091992 4368206 5972027 3718874
6091992 4368206 9190948 3342654
6164650 5015392 5820172 6010151
8309797 4491907 9047152 3889563
10964077 6171489 8297639 3949453
10964077 6171489 10625360 5495620
7072502 5381166 7200039 5419257
7741540 6111003 7638340 6373217
7741540 6111003 7482789 1606925
9729129 5641183 9721143 5673960
5052297 5532684 4758043 5772742
5052297 5532684 7078122 4291489
8301959 2536000 8222319 2580502
8301959 2536000 8280172 3869937
8285591 2063693 6156346 5030497
8285591 2063693 8223098 2602993
8150878 1666955 7857859 1621826
5675122 3556783 5699212 3522536
5675122 3556783 6197466 5005307
7728333 3630905 7849908 3267899
5744564 6851137 8221076 2579289
5744564 6851137 5374042 6703554
5381322 3982095 5713202 3502283
6521905 3012819 6952261 3391368
8303428 5181594 8144837 5131788
9524270 1948662 9409702 2165427
8241781 2219357 8192373 2062602
8241781 2219357 10809086 5464921
7728608 2714653 7889673 1624684
7728608 2714653 7879990 2429695
8053011 4134296 7851601 5456494
7741962 6315831 7559060 5571591
7457707 6171344 7310664 6937645
8244877 5123011 8231850 5454841
6378996 6871413 6540000 6886168
5625637 4288295 6164557 3939697
9464059 2225951 9412570 2152223
9546825 1540448 9410971 1860320
9546825 1540448 7033882 3500287
9673328 5822700 10219676 5991509
7924873 5251300 6558752 5341004
8476104 4505871 8263632 3814149
7158133 4413534 7557339 5227498
7158133 4413534 7342696 4659630
7124862 6155228 6769325 5870985
7192947 4594874 7226844 4674279
5364486 6706477 5945242 6789740
9643845 5842395 10838824 5577902
9643845 5842395 8237374 2218433
10846135 5445836 9808379 5893176
10846135 5445836 10025808 5964924
7637834 6360425 7752177 6379635
7637834 6360425 9560858 4892886
10069711 4018934 10141857 3913066
6518575 3134657 6766738 3283296
5050565 5621688 4994921 5760615
5050565 5621688 6862007 2635498
7746814 6384735 7750466 6253325
7561278 5605348 7695381 5606939
8514681 4078416 9440758 4035269
8567448 4057051 8332640 4483932
8567448 4057051 6847132 5845998
7871452 5237802 7680610 5624442
9239394 2694054 9326563 3536728
9239394 2694054 6390052 6866324
7055776 3447648 9072714 3593669
7055776 3447648 6395637 3016037
6260596 6482923 6081433 5828747
5355817 6918684 5048275 6880686
8144303 3345581 7953989 3633761
6556627 3144074 5967644 3085527
8106523 1921421 8139037 1652689
9200171 4053366 7916801 4040064
9200171 4053366 7461756 4644219
6023221 4329824 5754714 4303929
6023221 4329824 7566585 5601824
9915932 5940497 10070104 5941369
7927696 5244224 6499477 5489587
6937327 6728352 7335444 6911121
8319772 1029366 8377960 1352742
8152278 5130788 8147175 5202592
5540920 4196259 5610160 4216610
5388899 5687037 6045431 5434283
9736714 5002314 9714058 4561602
8029843 2112980 8238250 2611925
8029843 2112980 6843318 4827227
8029843 2112980 6702518 5674936
8392907 1327568 8005887 1558019
8392907 1327568 6535140 5476527
7566541 2751678 7816932 2232896
7566541 2751678 7975956 3622903
6094587 4352090 5918668 4081548
7925849 3327347 7488926 3991591
7925849 3327347 7724717 3628074
9322526 4929747 6930709 6741465
9322526 4929747 9729356 5117740
7730044 2672565 7755960 6417429
7730044 2672565 7849827 3313534
7730044 2672565 6639706 3300921
6715939 5677260 6788798 5893745
6715939 5677260 10838824 5577902
7160564 5512320 6917580 5606068
8198950 2077753 8103670 1901180
7078122 4291489 6912907 4302315
6833852 5855212 7211403 5396684
7899269 6802988 8096172 6707312
8419478 5794344 8457713 5846834
7036376 2671870 6889418 2638385
6942462 5400337 7159379 5522116
9426074 2167087 9180470 1913810
7157335 6708656 7566098 2726809
7157335 6708656 7324968 6912059
7560040 5576264 5754838 7185512
7560040 5576264 7721397 6217702
6636760 3483090 6665562 3447444
8215655 1270990 7732981 6277164
8215655 1270990 8382918 1341236
7237325 4766871 7538887 4856579
7237325 4766871 7888956 3938592
9273158 3471850 9445846 3252573
5893918 5141129 6799081 6679018
5893918 5141129 6864213 4811981
5893918 5141129 9443767 3250746
9403324 4806037 10119289 5213393
6637876 3311092 6415537 3022540
6637876 3311092 5548702 3627592
9436561 1813554 9522991 1965418
6604405 3057653 6526305 3145402
8215653 4085582 9185940 4051198
8308586 3950336 7898046 3312001
6946023 5407021 7084598 5381748
6123515 5075299 6684000 4752101
6440733 6463288 6072855 5829682
6440733 6463288 7799561 5745058
6337162 6831288 6248418 6435183
9667194 3424808 9645083 3695552
6499375 3487368 6672104 3447240
8847648 5103330 8794775 5071763
8847648 5103330 6963976 5391811
6467655 6480192 5507482 5474707
9349724 5106019 10034451 5038294
6145005 5077934 9729356 5117740
6145005 5077934 5995103 5690674
5608993 4226987 5565433 3978348
7159379 5522116 9414917 1826939
8252450 2113779 8029167 2136701
10036442 5046526 9307903 4933138
6865344 5852167 6550065 5460637
7683865 5600811 7803104 5734050
8255923 4125630 8340279 3210194
8255923 4125630 7557380 2755193
8227505 2603917 8193053 2044289
8184415 1503540 8611342 992499
8070782 3901940 8376268 5340129
8070782 3901940 8694996 3658327
8128389 3365886 10626096 5631633
8128389 3365886 8288167 3207346
8466363 4149892 8273034 3987401
10074507 6371412 9953939 6404338
10074507 6371412 9230808 2967086
8123305 2626413 8130539 2942381
7755171 6413833 7574971 5642271
7755663 6254198 7637668 6366398
8376268 5340129 8225593 5444502
7901001 1653000 8218241 1472088
7901001 1653000 7702874 5597996
7901001 1653000 6517701 3006646
6069697 5584917 6261155 6494534
7842559 4142155 6750752 3966707
9357251 2059634 9172380 2050494
6316451 6824612 5992655 3095973
6316451 6824612 6683340 6575384
6316451 6824612 8466057 4129370
5132860 5534581 4991002 5764763
6475141 6399870 5507125 5478532
6475141 6399870 6537262 6213978
7981852 1973336 8282039 1203352
10201429 5985961 8245330 2190805
9327071 3523814 9228728 2965259
9327071 3523814 9677719 3173215
9327071 3523814 8280172 3869937
6840995 2643873 8053263 2556619
8255579 4064994 8347491 4483553
10806960 5528266 10743321 6218452
5451249 3662927 5614430 4242007
10658967 6062801 10747516 6023905
8596907 4687146 8152530 4632800
7740154 6307558 7597030 5745317
7152265 4414093 7465921 4647882
8480214 4475920 8272375 3971876
7760994 2132031 7569204 2756481
7760994 2132031 8461381 3809849
7760994 2132031 7612013 2732506
8432032 2361159 8230368 2205140
8109345 6704805 7622647 6855639
8109345 6704805 4967812 6820086
9556737 5534740 9940378 5959861
7868966 1622832 7917633 1645822
6961958 6739397 6818182 6679185
7132945 4376491 6846140 4449974
9276380 3453496 5640333 6484712
9276380 3453496 9378179 3638017
6788798 5893745 7535646 3736339
7465921 4647882 5969351 3738031
7465921 4647882 10349298 6453363
7465921 4647882 7545444 4876134
7684326 3636370 8774058 3153132
8621436 5861817 8446167 5751082
7732815 6283137 7751133 6258163
5673448 5660990 6109393 5867886
7527756 4850419 9200700 3382454
7527756 4850419 7178618 4586486
8280453 3179214 8290376 3956659
6556653 5468001 6726994 5697533
8288255 1219075 6926041 5562005
8288255 1219075 7851317 1643153
7497560 4004232 7888956 3938592
6946836 5607976 6546185 5472265
6692429 4980439 6339903 4813661
6072499 5833507 6448218 6382966
8233778 2632146 10563283 6185181
8233778 2632146 8061321 1451466
9743360 4986329 9574491 4897302
9743360 4986329 8018926 4262504
8520690 3819232 8117317 3336749
7456867 1937194 7443849 1897156
7251048 4489348 7224077 4679304
6515499 3071630 6604920 3061166
9939824 5143786 9312503 4928507
6155662 5041350 6008919 5465030
7644094 6344238 7620718 6719560
7644094 6344238 5695755 3522551
8599816 1556020 8477140 4452433
8599816 1556020 8309208 1019686
6387229 3249248 6427472 3025485
6387229 3249248 6953356 3389311
8415975 5796793 8531283 5795398
10208437 5986001 9909345 5938372
10208437 5986001 7609234 3799336
7940562 4059232 8701197 3650837
7889673 1624684 7482789 1606925
7762154 4078924 7794397 4136811
7762154 4078924 9180240 2057188
9420561 1835108 9345433 2069891
7470717 4654519 7051559 4274717
7316344 6910954 7338437 6731861
7316344 6910954 8019061 5361973
7896410 2971454 7726118 3645022
10133721 4317003 10002826 4564660
6269628 4449032 5620633 4264041
7578704 2733454 7313759 2588614
7578704 2733454 8013490 1561212
9535976 1953895 9163869 2055529
9535976 1953895 7524695 5053904
10661987 5610923 9887747 5956233
10661987 5610923 8680219 1056745
6077841 5614652 6090136 5870093
9429451 3288224 9714511 5630474
9429451 3288224 9190948 3342654
7968935 4048159 8105356 3883377
5944859 6000530 6096468 5851718
6023044 3846086 8475677 4498411
6023044 3846086 6089563 4362148
5003999 5648437 4760343 5767230
5003999 5648437 10336912 6446058
10958804 6138452 10736091 6189396
10958804 6138452 9321787 3548739
8239000 2091378 4750910 5772901
8239000 2091378 8311620 2607116
5471126 5415210 8164224 3340696
5471126 5415210 6074269 5860112
5471126 5415210 5558714 5283523
8087128 6044848 7957456 5989009
6782210 5886382 6854289 5831893
6782210 5886382 5532924 4191788
7598010 5749989 7719589 6209430
7598010 5749989 6142737 3936385
8808284 5078488 8563950 4962102
8808284 5078488 10739250 6191171
5565177 3968657 6793718 5911254
10018239 3765239 6036219 2927535
10018239 3765239 9845744 3728768
5957225 3721550 6402837 4312017
6184189 4805391 5700191 5689438
6184189 4805391 6850391 4827968
9209281 4048690 7725486 4138251
6619134 3480663 7035714 3498426
6671337 6587101 6568517 6578560
6196572 4995004 6699254 4971803
6196572 4995004 8288305 4418398
8081234 3878285 8475496 4155088
10896620 6107469 10651867 6058822
8229144 2589720 8221076 2579289
6198310 3213994 5914885 3013003
9692985 5649538 10320439 6154034
7511221 4837718 7525845 4853205
7760360 6277816 7539044 5870416
9855037 3968604 6031076 5662186
9855037 3968604 9933174 4049043
8983208 5009182 8236090 5371084
6582535 6564291 6376970 6886741
5500023 5467484 6624294 6631875
5500023 5467484 9716578 4596638
7898451 3308327 8300078 4027476
6026821 3846588 6010263 4351602
6026821 3846588 8469751 1239965
6559220 6946631 5975379 5601688
7538143 4508682 6896760 4537176
7538143 4508682 6507769 3060885
8429871 2367360 9861529 5889048
8429871 2367360 5127560 5533524
7436611 4028039 7809899 4139234
6514026 5490579 8617840 5859850
6514026 5490579 7622157 5223396
7448798 4643619 9703975 6400440
7448798 4643619 7511855 4503613
9918949 4756250 9705380 4573319
7900029 1663307 8238650 1255653
8061179 1450927 8236758 2643452
8190648 1491379 8480445 1247887
8234646 1240975 7984109 1971545
8280261 4128787 8288305 4418398
8153508 5191738 9344930 3729782
8153508 5191738 8019293 5358710
10848123 5540593 9878884 5959582
5656727 5632189 6460548 6472693
5705318 3518770 5546891 3635880
8241688 5136032 8298816 5181392
9701342 4349157 9720069 4392173
5700191 5689438 5547806 5270465
10003076 5039910 10008589 5072075
6594414 5327944 7175953 5525564
10122426 6204946 10430737 5581801
10955912 6169824 10796836 5530582
8487523 4507725 8118896 3303964
6519049 3067641 6530370 3144926
8522515 3792623 8078995 3895545
7438077 4030670 7779122 4083978
6597975 5334628 7101172 5385196
6001233 5673674 6016273 5434920
6001233 5673674 8000491 5924659
8280883 3894737 8479809 4479593
8492273 4145554 7728922 4078507
8312438 2583933 8221820 2578219
8312438 2583933 8065740 1497144
5995103 5690674 10799996 5532357
8839929 5104789 8956872 5041121
7906156 6156846 8089571 6036856
7145963 6659942 6809420 6682969
7145963 6659942 7666355 3137062
7644911 3595877 8775935 3155060
7644911 3595877 9001195 4244247
7644911 3595877 9234867 3000776
5075661 6874091 4780701 7057177
7578485 2728158 7566098 2726809
8418291 5804393 9382239 3671707
8418291 5804393 8482650 5635802
9122957 3587942 8232830 3857860
7051559 4274717 7846930 3273298
7051559 4274717 6673047 3441283
6913884 4541439 7178552 4419162
10669639 5505592 10034213 5962078
7206338 5418109 6940226 5405289
8270132 3875280 8339603 3222116
8918446 3091407 6376970 6886741
8918446 3091407 7677450 3639310
7504126 1593170 7441599 1913538
6194978 3210692 5984865 3082354
10140107 6188386 10059429 5929564
5997534 5653039 6093960 5868265
9041439 3905664 6930709 6741465
9041439 3905664 8429772 4153784
9700608 5618252 10320076 6155523
10390255 6310143 7305318 2589873
10390255 6310143 10543917 6212948
6890844 4274993 7541459 4865252
5724853 6836264 5787978 7015900
5999238 3091029 5893158 3028531
8466890 4491025 7971101 3626374
8466890 4491025 8457131 4125910
6264295 6503559 6003746 5395401
9243864 2719442 9232690 3003563
9243864 2719442 8364484 1354159
5025767 4736096 7435115 5964160
8193278 2044225 7761557 2132092
8193278 2044225 8222784 2605265
8492016 3806760 8719484 3598668
8492016 3806760 9280397 3768070
7799561 5745058 7758276 5369654
7799561 5745058 6142680 5101149
7655604 3760883 7737585 3607430
8387370 4366352 8225259 2596791
8387370 4366352 8085430 3868225
5460056 3673461 5429467 4020806
6431496 6354166 6423655 6438313
9174373 4694175 9325778 4757527
6773778 3278413 6370738 3237204
9427419 3479932 9274035 3461024
9712050 5627740 10079812 5956262
7039075 5389273 7902001 5249001
9342046 5155379 9382696 5100444
9009212 3903025 9106540 4209194
8489462 1244526 6953973 3368592
8489462 1244526 8001289 1561973
7451307 6683375 7415903 5741475
9143131 4205302 6702518 5674936
9143131 4205302 8240807 3984762
9310672 5156995 10041560 5066500
9406772 3630705 8675925 3607052
9195787 3329872 9327828 3556651
7524714 4505552 7178763 4602908
8018528 4511374 8351584 3191826
9422792 3471545 9371207 3637158
7736176 6116103 7750973 6266117
8410521 4147770 5464199 5396166
8410521 4147770 9445718 4031966
8263048 1233366 8380661 1343028
8202812 4086358 9455609 4034891
5682323 3551459 5547986 3634324
10007928 5036741 4987397 5647757
10007928 5036741 9906708 5138632
7602530 3811710 7802508 3491888
7032218 3497303 6692557 3504251
5565433 3978348 6793718 5911254
6847132 5845998 6932506 5590179
6425896 6412608 6384429 6893964
7033882 3500287 6657608 3441598
7033882 3500287 6514127 3073527
8466467 4471837 8561075 4057627
8466467 4471837 7173258 5511858
9376138 3633794 9319240 3542179
9376138 3633794 7541715 4865202
10625360 5495620 8477140 4452433
10625360 5495620 7702874 5597996
7985081 1961238 8214237 1457410
5718166 6847353 5928400 6783031
6000010 3953447 5976407 3738624
7188831 4098457 9275371 4128392
8119112 3302893 8482986 4530216
8249546 2216061 8029305 2131830
6517701 3006646 7040545 3520999
8719484 3598668 9773750 3772187
8719484 3598668 6238440 6431573
10741440 6047460 10786558 5568137
6524260 3072929 6420947 3033881
10090665 5201090 10004418 5064400
10090665 5201090 5826842 5990893
6629675 3021803 6599483 3063539
6629675 3021803 5825200 6003256
7769003 5372187 7574312 5691873
6661812 3447771 6945598 3370656
6111091 5827276 8032762 5926956
6111091 5827276 5655436 4276213
6111091 5827276 5637778 6513812
6481299 3488420 7051697 3425153
10633398 5368557 10812194 5568737
6569620 5173802 6564147 5492940
6031216 4334295 5586813 4210037
9363106 5108974 9753426 4976249
9363106 5108974 7060503 4970734
5528586 5513290 6024457 5669943
8373079 5353150 8292559 5171053
6069436 5899874 6047420 5165119
7513331 5076478 7057583 5397488
6280592 4462403 6429634 6406848
6280592 4462403 5390393 3983238
9329360 4907503 9585833 5584853
10156824 6203318 7178526 5532995
10156824 6203318 9708382 5615976
10073508 5944459 9844449 5875605
8288671 4433216 8272558 3817609
8288671 4433216 6672505 5607244
7254563 6616594 7341379 6745879
5969351 3738031 6148190 3965900
5969351 3738031 7465650 6639540
7701959 5587392 7423135 6015845
8236090 5371084 10536010 6218688
7162663 6712584 7213081 6829588
8009724 1497379 7210974 4662282
8009724 1497379 8230562 5444014
8009724 1497379 5446693 3697507
8009724 1497379 8312324 2601006
9651730 5840561 10673226 5616431
5966373 5969324 5644669 6507048
9328740 3533942 9193677 2752564
5549290 3598462 6862570 2635559
5549290 3598462 5654935 4304545
5549290 3598462 9844449 5875605
9406231 3283377 6862007 2635498
9406231 3283377 9678568 3444436
10610700 5600912 10964775 6166475
6066308 3830121 6008383 4352386
8076847 1498151 7907734 1651759
7061652 4281681 7258782 4508282
5057816 6875095 5155459 7036098
5057816 6875095 10024385 5048373
5057816 6875095 7214795 6832434
8210554 1479070 8062427 1506374
7940549 1405968 8146940 1677234
10139811 6166807 10065656 6382723
7817496 2232957 7554716 2750390
7535646 3736339 8164224 3340696
8926928 3086210 7499327 3748457
7181889 4423624 6843810 4447730
6840868 5829570 7064052 5935178
5414054 3990014 5783722 4320110
10398334 5611136 10802896 5588914
7910018 1649639 8028882 1542682
7910018 1649639 9439429 1800350
7129883 4383731 6910442 4297923
5568079 4007605 5553426 3612602
8637671 5517279 8410909 5810037
6223482 4988357 7460319 1954513
6223482 4988357 6134130 5111378
6946588 5622482 6678796 6594324
6946588 5622482 6551408 5167633
6509303 6174838 5020795 6892296
6509303 6174838 6240221 6466443
7103994 5378120 6538701 5483211
9412050 1840143 9524158 1964152
9275371 4128392 8128403 3319516
6460906 6377644 8128770 3334334
5728658 6833296 5708063 7078219
8627569 5526641 8623055 5613437
5617543 4228455 5385877 3947515
8281417 3998460 8290330 3917648
8281417 3998460 8579656 4085734
6377096 3249846 6640265 3012931
8281961 3171079 7230573 4685212
8281961 3171079 8258700 4127492
10796836 5530582 7809054 2234216
7441219 3250825 7863580 3285998
5161303 7039129 4935090 6811459
5161303 7039129 8237374 2218433
5161303 7039129 6673362 6571774
5161303 7039129 8183207 2055510
5161303 7039129 7721397 6217702
8252217 1249482 8608113 1004597
9425339 3478105 9317709 3499393
7148589 4403331 7543113 4873890
7148589 4403331 6864213 4811981
8533932 4084431 9036479 3908966
8620359 989137 7995056 1574135
8521671 5792395 9565710 4889716
8521671 5792395 8617840 5859850
5524762 5515118 6104764 5631556
5909845 4052210 6255856 4459119
7420757 5990042 7751901 6129250
5105313 5789007 5784157 6997789
5105313 5789007 5064596 5490571
6063004 5563972 6401710 6934375
8265962 4120286 8129447 3322413
10617930 5629968 10812931 5556289
10348376 6454685 10565233 6178361
8314004 2609370 8188934 2044030
10951840 6142544 10882336 6103482
10951840 6142544 7181967 6719701
8086947 3862184 8355521 4493211
8086947 3862184 7508179 4492851
7181629 4596544 7464523 4639194
9690327 5827955 9862696 5881153
5502141 4192784 8208612 1458866
5502141 4192784 6424508 4289578
6199799 3213532 5883608 3022698
9922454 4046950 10080158 4012559
7030424 3430722 6928045 3371468
5554913 5277964 5550946 5531956
9199717 2760476 9201888 3367785
10039712 5068997 8011233 1563004
10039712 5068997 9349474 5104557
10022028 3762674 8272558 3817609
10022028 3762674 9766160 3782621
6862521 5859242 6609340 5312055
6506348 6148133 5444942 5398372
6506348 6148133 6302278 7027254
6021846 2918861 7984062 5996678
6021846 2918861 6193217 3218477
10079150 5955680 9725953 5639962
10079150 5955680 6093276 5879118
10079150 5955680 7602760 5227024
10079150 5955680 7801395 2219197
6868674 3823818 6892509 3802079
4983492 5659509 5191001 5534732
7951655 1406974 7913696 1656101
5048275 6880686 9307903 4933138
9853335 3718334 9858839 3984352
6113663 4345766 5516943 4190109
5703012 6465575 5657210 6483417
5703012 6465575 8475371 4477889
9324304 5161412 9755274 4973752
9169077 2045676 9426616 2160807
8207134 1471081 8134246 1674134
7152752 5543243 7081617 4956682
8264076 3830745 8466789 4157352
5446693 3697507 5710090 3515835
8479908 4455398 8278798 4402845
8479908 4455398 7895489 3044154
10320285 6118168 9696202 6402716
10830989 5575483 9808379 5893176
7264901 6620545 7124274 6662915
8271338 5365461 9441657 1819191
8271338 5365461 8242997 5127267
8110494 6712119 7598509 6702042
5448766 5396544 6028258 5675502
5754714 4303929 6553342 5458160
6067422 5807131 6554837 6936848
6441790 6462889 6050656 5838075
8005887 1558019 9920090 5141587
6321125 6825000 6585194 6567231
8271336 4125327 8475737 4491053
8224800 2589525 9283397 3485445
8224800 2589525 8312296 2583394
7435115 5964160 7450392 6672771
9722051 4977865 10021971 5075030
7809054 2234216 7731986 2723961
7173258 5511858 6650992 5615770
8351074 3204675 8029227 4241526
5461779 3675697 5393294 3973837
5777815 7052897 5838593 5913127
8128038 3306352 8295553 4457562
7845971 1638169 8400522 1323751
7914866 4036351 9240798 4131349
8014449 5361771 8255230 5127443
8302059 2548921 8225287 2591166
5823702 5981869 6090528 5609329
5693670 7148152 6030918 5364706
8221218 2579827 8226164 2578415
7971101 3626374 7784957 3500713
8061455 1516680 8230963 1262636
9519904 4348342 9728709 4392212
8211057 1274944 8479473 1258194
7591444 5671995 7409230 5789636
6043351 5436221 5432588 5646346
8237374 2218433 8284911 2082006
7898878 3315787 5999560 4323048
7898878 3315787 8291119 3870820
5543566 4225515 5554593 3602226
6800085 6670877 7341980 6913858
7099644 4356198 7545444 4876134
7089328 6012289 6839665 5825898
8019172 2552209 7556910 2736473
5861930 6608746 5701717 7088912
6227971 4983721 6039871 5208745
6227971 4983721 9190948 3342654
6227971 4983721 5525261 5503108
6084664 5838645 10289618 6115364
6084664 5838645 5727626 6450926
6550223 5177430 6971470 5416750
8302192 3879330 7666355 3137062
7694444 3573912 7735736 3616333
7694444 3573912 9224749 2480030
8272375 3971876 7835140 1654284
8244906 4084397 8571626 4076077
8345982 4491688 8287256 3894161
8345982 4491688 9289622 3579339
8472603 4474924 8337156 4464033
7555736 3723552 7742341 3609208
6944946 6737598 7175432 6716964
6428555 6415548 6328584 6832223
6428555 6415548 8798221 3004855
8267787 4093677 8091125 3881209
6334207 6804582 6310475 6995995
5682056 6508392 6551408 5167633
5682056 6508392 6097274 5584257
7252589 4492957 7191721 4603508
8570523 4080538 6147117 3956135
8570523 4080538 8268074 3990704
7547401 5899514 7584865 5666762
6071737 4341367 6397384 4282502
5394684 3958048 5432580 4007255
9560858 4892886 10029647 5079076
9478951 4032382 7712644 4139028
9704426 5659027 10080176 5954772
6135058 3931288 6245131 4464877
8192235 2067472 8244685 2117076
6098101 5889339 5445441 5386361
6721477 5690903 6672505 5607244
9226567 4129182 8213718 4081868
7111441 6152904 10008589 5072075
7111441 6152904 7051167 5919782
8319658 3958847 7665524 3133275
5993551 3814377 6708922 5028024
9282066 3778198 9195899 2740933
8798221 3004855 8721016 3183204
5652289 4275288 5604857 4212847
5652289 4275288 7011130 3927503
6436041 6335226 6328227 6836048
6436041 6335226 5123654 5545276
7092940 5357847 10218509 5999404
7092940 5357847 6770845 5908955
5785445 4322347 5377881 3943044
6102520 4340370 5750938 4303427
6102520 4340370 9454566 4031994
9695970 5839176 9744199 5645510
10626096 5631633 10641454 5521327
6323150 6809672 6542660 6889108
5949242 6010313 6004425 5646275
6862679 3823662 7018389 3805366
8368451 3235603 7664315 3592042
6405432 4295902 5902723 4059982
6405432 4295902 7863040 3916085
6405432 4295902 8198168 2041175
6038812 5442040 5527903 5524143
6038812 5442040 6420432 3030368
7989872 1939794 8113626 1907749
6551408 5167633 6689645 5617786
8834248 2507311 9662745 3592486
10036962 5082916 9407244 4812250
5419893 3991646 5661097 4285822
5419893 3991646 6555894 6936448
7755022 5393285 7867908 5248810
6534462 6920367 8477140 4452433
6534462 6920367 6495292 6153223
7995056 1574135 8249984 4147718
5755774 7174379 8454788 5854497
5755774 7174379 5706772 7061977
9339026 4930060 8309208 1019686
9339026 4930060 9382840 5111173
9339026 4930060 6538116 6908047
9345556 4757479 8759038 4695172
10349298 6453363 10545867 6206128
10349298 6453363 8346814 4495475
5187325 5542217 5060691 5502323
6055359 6439199 5674007 5672601
6055359 6439199 5684052 6467681
8249423 4064498 8476780 4493950
6702518 5674936 7070640 5942542
8621344 5857401 8448100 5843831
8621344 5857401 6663730 3449304
8621344 5857401 10041560 5066500
7531485 4861352 7100309 4356901
6875492 2646446 5102314 5786962
6875492 2646446 7328823 2502598
8341796 4470569 8375162 4337669
8341796 4470569 8421427 4143280
8461305 1245321 8915283 4020815
8461305 1245321 6769325 5870985
8461305 1245321 8592574 1545275
6384073 6897789 6433381 6332286
8271930 5350378 8230562 5444014
5965064 3892223 6710278 5024317
9750399 5659325 9565783 5549052
5388523 3976771 5561976 3614071
6042613 5447599 5448083 5407397
8490807 4142922 7759699 4133764
8280172 3869937 8128770 3334334
8270651 1236559 8221001 1275975
8261837 3848006 8513808 3794886
8181059 5128978 7542774 5240615
7557380 2755193 4754816 5761149
7557380 2755193 7761557 2132092
7804878 3495828 7552758 3728952
8102429 3862841 8030393 4479421
7340607 2591440 7014891 2674106
9668244 3431813 9623031 3548462
7684184 3162290 8585857 4078244
7684184 3162290 7927780 3349527
7684184 3162290 7559462 3716577
9178569 3335333 9689409 3441962
5690208 3534973 5382416 3980538
10156162 6202736 9722285 5628198
5721376 6855122 5860994 6619879
5721376 6855122 7345027 4661875
8279457 4418370 8466057 4129370
6013947 5458135 6050063 5186154
8015042 5346688 8242794 5444190
6498852 3487608 6683085 3442202
6498852 3487608 9696202 6402716
5612384 4419192 5606757 4205994
7768546 4133791 8305012 4142340
6628095 6637434 5420203 5350738
9316987 3559125 9423449 3277916
9179191 1930566 9452933 1815214
7616640 5216766 6629878 5629822
7210309 4661578 7540174 4861593
9979638 2872769 7430144 6001742
9979638 2872769 9677719 3173215
7331820 6744974 7455311 6635589
9935081 5149473 9412096 4809081
8240279 2116152 8284772 2086876
7732981 6277164 8091125 3881209
7732981 6277164 7747647 6383600
8488235 4185411 7813722 3241494
6803027 6684895 7280199 6619498
8282925 3990325 8258654 4088481
6950923 5356273 6981710 6447452
10890544 6131025 10779458 5564157
6078513 3831298 5752081 4327668
7531283 5061267 6680583 5716902
6549087 3019573 6381438 3249530
6065555 3853076 6024188 3870327
5727128 6462937 6247807 4445720
5727128 6462937 6095127 5586421
8383890 1330930 8195246 1487424
7128952 6658143 7166669 6720748
9429809 3503494 9223836 2966227
9438966 3261132 9417641 3292106
6925307 5421612 7519630 5075329
7885530 3764226 9139495 3592401
7017305 3806355 8480445 1247887
7017305 3806355 6885432 3802910
9684432 4278069 9703039 4354590
9148838 4043966 8994785 4237456
6271784 4451870 5575357 4204438
6271784 4451870 8258700 4127492
6084732 5607888 7935993 2773553
6084732 5607888 5945418 6012141
5422049 3994485 6906799 5413397
5422049 3994485 5615821 4226218
7347287 2592963 6874613 2642142
6966202 5395613 6660851 5621306
8117839 2662202 8245330 2190805
9431380 3486018 9190856 3333235
7961985 5982614 7992006 6179150
7875747 3757684 10892459 6101167
7875747 3757684 9344930 3729782
7749612 2155612 7808215 2261280
6033038 3797910 6707042 5028808
9425490 3282139 9274127 3470442
7524929 4841796 7237989 4767575
7524929 4841796 6986776 6426027
6542404 5140608 7135668 6190008
8471427 4468534 8456915 4126981
8290706 2060579 8279091 4031936
8290706 2060579 8115678 2668403
8288291 4464768 8280552 3155018
6592178 5332897 8164200 4643807
6592178 5332897 7222912 5421556
7899551 5417046 7046055 4962692
7899551 5417046 8272863 3838131
6121046 4357611 5361900 3941365
6245729 4960127 5666956 5704216
8592202 989932 8586341 1557437
9833008 5866117 10313771 6143720
9704115 3154409 9425325 3267689
8996771 4230330 6865095 5866673
8996771 4230330 9107132 4193608
8631277 3671388 9408898 3627642
7665524 3133275 7788655 3531643
6160437 5077556 5671018 5698624
8236758 2643452 10817252 5466586
9310922 5158458 7538887 4856579
9310922 5158458 10036299 5035796
8044365 4181546 8033158 4464245
8157619 3347822 10090916 5202552
8157619 3347822 7674354 3586698
9454506 4039352 8225980 3992665
6546185 5472265 7213081 6829588
9445989 3239114 9001195 4244247
9445989 3239114 9270157 3754476
9371299 3646577 9420863 3273751
6053941 5202134 5932502 5122551
8447406 5860141 8635933 5514893
4754816 5761149 5120064 5776123
7842168 3298515 5778062 4310502
7842168 3298515 7890883 2987955
7488656 5083845 7575746 5242765
8280162 4152982 8290390 3910290
5418589 4027508 8258249 4092154
5418589 4027508 5688485 3532736
5992655 3095973 6031397 2924695
9770198 3768530 9937214 4058571
8251497 3857464 8730938 3596254
8265082 5355122 6778329 5898010
6400408 4305960 6008242 3848761
6684418 6566684 6293799 7007323
7712251 6185008 7752112 6262836
8485669 4443896 8157827 4644383
8485669 4443896 5914885 3013003
6555289 5156005 6865095 5866673
6586273 6558531 8078995 3895545
6586273 6558531 6298472 7007711
7051085 4963175 7011130 3927503
7051085 4963175 7793918 5406887
8169414 3363993 7426655 3247111
5886384 3009419 7916801 4040064
5886384 3009419 6796842 3289260
5108763 5776499 4992149 5753243
5838366 5912795 9707346 6390626
5838366 5912795 5782573 7059875
8539939 4078947 8910323 4024118
8017471 6932330 9357657 3653134
8017471 6932330 7939445 6951609
6791024 5897548 6669193 5597404
6791024 5897548 7576617 5651782
6500369 6179598 5106689 5787034
6500369 6179598 6427843 6366486
8008193 5351432 8386620 5344561
7555858 5599291 8278747 3971300
7555858 5599291 7809200 5734123
6982895 6437655 9712143 5150577
6982895 6437655 6926041 5562005
6603824 3063223 8075122 1509475
6603824 3063223 6538498 3028445
7879151 2456760 9425378 3475710
7879151 2456760 7746234 2146303
9701548 4339586 9715733 4593160
6147117 3956135 5991881 3943089
9239432 2691658 9325750 3587042
7450392 6672771 8011853 5359710
5922675 3026622 6034729 2927997
7590528 2734742 9774712 3782671
7590528 2734742 7313196 2588553
7590528 2734742 5383721 3944677
5783221 7008922 5725079 6836596
6596455 5296658 7133094 6182577
7538418 4520385 6890988 4291415
8274936 1217023 8131017 1686232
8013490 1561212 8233247 1260515
8280640 1222891 8011233 1563004
5730952 6461109 6014820 5624808
9854297 3728818 9838634 3764186
5918668 4081548 6070580 3843018
10013753 4543676 5424695 4023741
10013753 4543676 9904264 4757662
10013753 4543676 5823143 5970258
8616751 5591548 8759954 5986313
6010221 5647716 6885440 3797134
6010221 5647716 5827526 5980041
8166869 4670967 8295785 3885624
8888072 4016507 9225523 4126285
8888072 4016507 7347492 4666267
8888072 4016507 9007202 4238764
9861529 5889048 9714838 5662157
9861529 5889048 6632085 3311374
9861529 5889048 7211119 4678705
6493266 6168550 6576997 6598491
7929576 3320371 7646461 3774553
6676543 3442406 6636237 3483330
6676543 3442406 5772758 4306739
9378322 3624559 9273379 3736121
6634573 3480347 6711492 3505058
6673362 6571774 6525983 6900436
8597172 1541321 8364750 1328363
6397384 4282502 6024577 5419814
9001195 4244247 9014228 3901356
5585731 4432199 6166458 3932844
9635410 3555783 9408286 3278075
8311150 4035986 7665929 3129602
8310133 3196488 7667092 3593904
6636237 3483330 7706999 3166720
7609234 3799336 9927766 5145634
7609234 3799336 9240798 4131349
7609234 3799336 7661716 3751745
10133520 6186260 10197762 5974197
8243344 2091574 8220400 2603010
7922871 3332746 8411114 5806092
7922871 3332746 7787254 3514695
5794288 5933846 6708205 6617802
5354221 3936268 6282314 4464640
9407495 4813712 4990624 5659349
9407495 4813712 10031700 5052213
8461381 3809849 9362800 3533795
7694591 5603343 7577856 5680866
8312082 2587547 8009736 1498020
8251239 3993196 8924070 4028201
6818933 5871535 7524695 5053904
8338771 3218329 8287599 3954797
6763188 3287285 6593125 3050897
7736342 6110130 8447611 5856196
7736342 6110130 7747487 6391554
8948515 4021232 7737903 4139558
8948515 4021232 5656370 5636014
8948515 4021232 8031094 1543727
5540664 4186568 5615531 4420117
8090448 3893131 8281997 3843327
10783529 5591438 10805045 5558124
7462982 4635584 7213985 4672341
6912907 4302315 8231850 5454841
8285514 4462905 8338870 3194134
7528856 4863263 7447988 4626493
4750910 5772901 5994557 3923932
4750910 5772901 5202077 5529333
7230573 4685212 7114638 4365289
7559462 3716577 7664086 3755686
5964348 3713777 6253260 4475235
6110515 4344841 6793718 5911254
6110515 4344841 5583037 4209535
8445472 5767391 8636026 5519310
6559959 3147377 5897664 3016175
9475223 2237464 9178130 1910459
7355002 4665775 6899722 4284492
7347771 6743953 7120328 6657038
8162683 4649848 8383691 4329132
8285170 4402269 8346082 4467493
5011254 6897887 5357580 6917865
6710183 3506679 6662066 3446320
5927593 6804098 5735106 6404952
5957546 5995208 5830034 5963493
6580294 6589996 6424037 6346943
7517723 4503054 7325573 4655367
5980812 5624239 6445116 6473071
7590664 5226442 10733232 6019918
7590664 5226442 7175365 5426625
7590664 5226442 9285067 3495573
9280878 3792868 7478226 4654027
9280878 3792868 9220833 2432881
9280878 3792868 10743082 6222962
7994448 6171158 7910686 6150451
7994448 6171158 7860655 5403445
6143880 3960626 6059856 3848776
7132364 5537857 7509770 5069793
8701197 3650837 7846324 3335795
8701197 3650837 7750973 6266117
7903960 4040841 9469840 4037058
6677425 5624753 6618154 5323221
8072843 1483473 7991814 1959997
8115905 1933751 7942026 1393753
7552758 3728952 7233038 4689604
9260485 3476999 9711965 3144442
9260485 3476999 8090887 6700584
8585857 4078244 7677450 3639310
8585857 4078244 7946054 4038880
6263788 4447399 5743259 4298330
8883056 4018177 9112547 4203710
8498470 4508609 7889004 3285416
7548190 5903110 7568288 5591244
7548190 5903110 8471870 1255001
7877094 2389459 7789433 3559614
5574241 3988882 5424029 4005786
9232690 3003563 5120064 5776123
8268272 3820685 8378663 4368616
7803609 2205081 7846324 3335795
9445718 4031966 8278747 3971300
6766158 3288866 6530767 3017700
5190775 5529709 4988244 5764995
5450993 3653236 5619801 4445514
9271034 3743649 9427562 3466474
6010538 3925611 5755318 4323177
7403923 5793160 7702874 5597996
7452392 4022165 7478513 4262576
5662819 4288058 5383721 3944677
9189979 3344062 9449807 3258658
9189979 3344062 7135668 6190008
9189979 3344062 7045155 3425357
6468034 6392371 5656370 5636014
9898251 5957058 10441412 5593605
6940226 5405289 8447611 5856196
8321979 4147394 7412227 4027650
8321979 4147394 9050286 3905692
10640718 5533775 10641563 5370222
9370330 3647984 9441219 3244186
4497699 5297560 5021248 5776050
8529545 5793012 8452472 5846897
5726431 6828187 5754838 7185512
8868913 3113373 8717649 3178036
8623750 5597127 8612979 5869149
8484811 4503607 8080790 3861689
8085430 3868225 7526215 4846810
5941245 4053766 5596456 4426441
8759749 5990258 8621060 5508697
7892044 3937000 7432700 4037669
8032384 4211836 8284762 3828151
8032384 4211836 6148190 3965900
7187497 4595985 7341298 4650942
5921465 3024547 6060124 2971564
6535140 5476527 7178775 5518488
8290330 3917648 6093276 5879118
7538552 5914045 7770705 5361607
8090022 3885671 8290955 3999983
7462074 4029757 7275179 4103154
6411878 6426877 6678796 6594324
9730296 5633288 9696632 5839758
6029060 4331457 7555684 5894166
6029060 4331457 5632089 4269640
6088892 5835670 5638835 6513412
6971718 5402244 6545000 5482062
5060691 5502323 7328823 2502598
8461039 1271116 8598169 1003567
8789574 5075576 8956852 5023254
8634746 5524942 8472343 5649109
6012947 5424737 8473348 3807156
6012947 5424737 6071077 5887511
8542710 3828626 7654902 3139476
6359306 5465723 6736391 5697642
6680726 4764811 7014891 2674106
6680726 4764811 6192268 4808398
9230950 2953628 9280397 3768070
9307652 4931676 10041704 5077229
9278927 3460056 9324681 3500252
6524933 3147299 6633225 3017814
6524933 3147299 7888431 2428437
6524933 3147299 9393174 3508705
4944664 6821349 4960248 6831439
4944664 6821349 8242794 5444190
6055030 2976047 6028427 2930405
9306599 3737196 8680695 3601981
6657158 3445078 7043323 3427217
10897732 6134204 10628519 5497395
9332380 5132823 9585689 5574123
6696574 6622725 6038524 5830464
6598429 6614572 6043197 5830852
9546937 1524959 9408623 2185603
10183748 6002522 10427817 5591440
5998333 3924434 6011620 4347895
6765048 5907224 7214680 5394207
8561291 4056556 8461930 4494328
6722440 6640028 5495349 5467096
8242977 2091100 8228101 2612967
5445441 5386361 8290955 3999983
7751133 6258163 9696632 5839758
9333792 3543650 9070531 3602904
9565710 4889716 7448675 3256505
9565710 4889716 9927766 5145634
9322640 3496029 9321787 3548739
6855840 4442172 6929251 4540343
7168853 4426964 7117577 4377587
5127560 5533524 7935993 2773553
5127560 5533524 5102314 5786962
7103659 6030086 6538717 5452165
6632666 3305804 6524959 3133585
8281971 2065716 8299118 2560514
8271090 3933917 8685458 3656804
7713084 6183873 7734627 6286675
8620156 5867450 8473038 5632799
8271623 1226253 8200592 1492409
8271623 1226253 6675143 6606644
9378097 5116860 5390393 3983238
9378097 5116860 9438619 4810634
8494865 1239664 7887828 1664068
6796540 5904179 6553342 5458160
9714511 5630474 10319414 6154941
7546382 5894837 7606258 5764970
5568235 4212210 6421360 4288653
5910564 3021123 5633712 3246596
9520110 4338771 9724373 4593199
9520110 4338771 5973170 3743115
10613859 5602687 10898430 6129190
10057882 6384999 10303063 6119012
6065664 5566912 6946661 6740444
6065664 5566912 6345864 6872634
6065664 5566912 7409432 5996611
9216211 2799653 8855512 2545065
9216211 2799653 8463288 4126405
9807401 5894690 10851527 5543683
5820712 6007892 6153309 5062829
5820712 6007892 7042257 3498223
7806810 4140827 8004413 2566482
7806810 4140827 7501472 3994601
5705194 7070054 5788914 7004767
5705194 7070054 7620718 6719560
8031958 4204376 8293720 3984807
10439588 5570490 9936554 6442477
8140979 1672893 8065740 1497144
6726745 5712040 6561877 5163368
7021858 3797774 6789833 3983106
4987397 5647757 5108989 5781522
7110237 6149233 7076444 5996892
8435779 4148301 8915283 4020815
7525607 3741682 8375056 3228478
6018781 5418372 5948558 6021166
10810064 5463406 10783290 5595949
8240440 2193855 8220538 2598140
6046840 5657191 5058539 5781073
6046840 5657191 5066539 4472917
8303525 2561438 8385545 4392962
8303525 2561438 8189433 2046312
10563283 6185181 10389333 6311465
9185940 4051198 9019643 3911459
8272591 3970805 8475677 4498411
7569181 5698440 7876758 5234279
8049589 1544535 7475174 1610741
9458852 2235804 9521929 1945311
9458852 2235804 9290435 3529025
6413365 4284182 6416552 6427265
4952935 6810456 7928661 1422311
4952935 6810456 8337600 4480629
7748626 6388273 7712417 6179035
7889220 3284345 8493933 4531100
10062736 6392363 10201133 5964382
8466422 4142534 8271780 4141923
10327805 6159954 9538288 5525212
7328439 4649003 7457532 4636696
6604263 6608207 5920678 5964507
6604263 6608207 9524158 1964152
5774914 4309577 8301817 2535462
5774914 4309577 5599018 4211214
5774914 4309577 9414798 2171064
9183587 4690162 9132281 4841811
9575314 4926906 9726071 4364661
9575314 4926906 8421427 4143280
7156331 6716797 7346057 6741107
9934179 5946045 9686923 5824865
7245598 4490459 7338531 4655967
7245598 4490459 6409152 3023612
7914410 3327034 7964937 3634644
9737359 5013840 9700518 4319554
7409230 5789636 7181967 6719701
5066539 4472917 10201133 5964382
6648755 5620723 7220218 5407850
6640265 3012931 9317709 3499393
5615030 4448448 7518440 3999656
5615030 4448448 5551190 3591610
5453895 3692184 5558863 3627622
6192268 4808398 6535066 3146701
8385545 4392962 8528358 5803061
8385545 4392962 8455780 5754084
8385545 4392962 8123752 3309428
5787978 7015900 7841373 1642123
8322561 2635479 8009237 1495738
9327926 3584256 9193716 2750168
7770779 2703268 6994406 2668780
8225299 2591807 8301817 2535462
8263416 3815220 8480641 4483380
10740462 6048975 10807096 5536336
6419852 3035938 6547258 3029744
8053263 2556619 9281967 3750594
8128403 3319516 8287876 4181115
8625762 984276 9736925 4975936
8625762 984276 7881595 1676229
6062532 3829618 6087682 4362933
5860188 6640946 5738315 6412721
7706877 4432106 8049228 4452314
7706877 4432106 6030918 5364706
6071077 5887511 7989727 5991306
6839649 5856944 7089663 5360323
5495349 5467096 10637298 5627444
5613511 4271814 6419204 4285814
5945242 6789740 10817252 5466586
7938436 4062296 7597030 5745317
7938436 4062296 8745845 3586500
5992438 4330820 6772065 5881581
5992438 4330820 6401160 4283005
9370782 5113021 9419570 3489900
7062877 4273047 7233038 4689604
7266017 4496087 6909719 4537776
10289618 6115364 10340227 6461609
6393007 6893029 6245759 6432243
8474515 1269700 8315174 1033320
6874741 5852275 6352718 5458360
9225523 4126285 8235632 4142697
9225523 4126285 8521181 5804759
7730881 3619804 7796396 3501026
5591085 4222934 5941501 4063457
8114840 1697363 9583841 5576620
8114840 1697363 8614655 983269
9354586 3540190 8633863 3675553
5389582 5676184 6031076 5662186
10566248 6178174 10327055 6458618
7092605 6009813 6770861 5877909
6558879 5471803 6680248 5617678
6558879 5471803 6505059 3127082
10817213 5474020 10633159 5373067
9947648 6423791 10206613 5962886
7749608 4075913 8567385 2764135
7749608 4075913 8057868 4200038
7822937 3256339 8294735 3873651
9585689 5574123 5387857 3958817
10051655 5931840 10303359 6140591
6137651 5108045 6149532 5058349
9197971 3320636 9281967 3750594
9197971 3320636 5727626 6450926
8411603 5793727 8623082 5859787
9233680 3015445 9223080 2469902
5667274 3692822 7922541 6803446
5667274 3692822 5548702 3627592
10786422 5560066 10744299 6216938
10786422 5560066 5692028 7160514
6561573 5485509 6623671 5329852
8275950 5365663 8146146 5123023
7866856 2436751 8004413 2566482
7866856 2436751 8525587 4073926
8117701 2667073 8248234 2088523
7549647 2724960 7923950 2766970
10897694 6141638 8477409 5635865
10897694 6141638 10629326 5341276
6683085 3442202 6538498 3028445
8531283 5795398 8021305 4513237
7126660 6652825 7017125 3927660
7126660 6652825 7214795 6832434
9128995 4053538 9411505 4036453
10892459 6101167 10739250 6191171
8166968 4646772 8293700 4393732
10812233 5561303 6699254 4971803
10812233 5561303 10632590 5524676
7120328 6657038 9521929 1945311
6390052 6866324 6307816 6993054
7948775 4052837 8528716 3785133
8229253 5452779 8299408 5166309
6776215 3968425 7761557 2132092
6776215 3968425 7307839 4106075
6558565 5153528 6796292 5918685
7307338 2504834 7935993 2773553
7307338 2504834 7326681 2599501
7307338 2504834 7162357 4421057
9326563 3536728 5551446 3601301
6147513 5061387 5942428 6038165
9283397 3485445 9230808 2967086
8205091 1261310 6034729 2927997
8205091 1261310 8604774 1544514
8487178 1246646 8049254 1517442
8270552 4078500 8033061 4199915
6033046 5217381 6371302 4802378
6033046 5217381 6389060 4778784
7017125 3927660 6885440 3797134
7407383 5999675 8032762 5926956
8592574 1545275 6011890 5425136
7685742 5617874 8281472 2063434
7685742 5617874 7763696 5375711
6537125 3030342 6632645 3023384
10013189 5067444 9906458 5137170
6243518 6457948 6440074 6353231
7604555 5775550 7582143 5672665
8632430 5517342 8520976 5808705
8632430 5517342 7646461 3774553
4785836 7059749 5698784 6468551
4785836 7059749 6524338 6197809
4785836 7059749 4967812 6820086
8286022 4117285 8167334 4659936
8010259 6944283 8090887 6700584
6024577 5419814 5826842 5990893
7595705 5790081 7767984 5367510
8674836 3663005 8494142 3803696
8674836 3663005 7657480 3762811
8438608 2376310 8092258 1886963
7953868 1408019 7867240 1634156
7698171 3566937 7657480 3762811
5568580 3979273 5542900 4207561
9842424 3761621 6621386 3299048
9842424 3761621 9774712 3782671
8301382 2572642 8239488 2093020
7935993 2773553 7296745 2586705
7569282 5691389 7874636 5382347
6555894 6936448 6045223 5815525
7887868 2428376 7563163 2742369
10733232 6019918 7545444 4876134
10733232 6019918 10958940 6146523
9724614 5123427 9422118 4810321
9724614 5123427 6746596 3271659
5748262 4322584 6158718 3938064
9310650 5182856 10042020 4523429
9316895 3549706 9425378 3475710
6236415 6446900 6589228 6585236
6415510 3036254 6638436 3023102
9708194 4323600 4757587 5768521
9708194 4323600 9576166 4928861
8288198 3835837 7960228 4050423
7691466 3579311 7798273 3502954
8375676 5355212 8238028 5127755
8297378 4430952 8089716 3865149
5979755 3926607 6401764 4302253
7322143 2501076 7015770 2678409
8273967 3833670 8994785 4237456
8273967 3833670 8259080 4095940
9364347 5102628 9727365 5109508
7508179 4492851 7525990 4869627
7508179 4492851 9860504 5889956
6612616 5309578 6793718 5911254
5157222 7035279 5020795 6892296
10124031 5207706 9303732 4925463
9726903 4974696 9920090 5141587
9175263 1923663 9535433 1960175
5997580 3947389 6027425 3865836
8239397 2217103 8242439 2109950
10827585 5572393 9879862 5958068
8236694 5451780 8143155 5187306
8236694 5451780 9226180 2958699
7906480 6791034 7944731 6958338
6621386 3299048 6761842 3275468
9438874 3251713 9419570 3489900
7612837 5770202 7408211 5784960
7612837 5770202 9682758 4246510
10086250 6372065 9707346 6390626
8305664 3915354 7959397 4046636
8289130 4026592 8128344 3326875
8289130 4026592 6449275 6382567
5580728 4407945 6271528 4442179
9861166 5890538 5929257 3021677
9861166 5890538 9722461 5630870
10633568 5523162 10791695 5593103
6767253 3286809 6507769 3060885
10359248 6441938 10336912 6446058
8291433 3913186 8258249 4092154
7887425 3318202 8531637 3820115
6420358 6446808 6500725 6175773
9441769 1803701 9413631 2172330
9441769 1803701 10739250 6191171
9200700 3382454 9224651 2452425
9290435 3529025 8614655 983269
9290435 3529025 9998080 2855826
8305012 4142340 8351842 4455991
8305012 4142340 7943968 1413956
6697738 5695626 6082224 5624435
8280858 3175540 8281868 4033799
8280858 3175540 8789459 5074657
10556298 6189599 10536010 6218688
10556298 6189599 8493139 1250988
9316017 3560533 9443806 3248350
7459257 6641466 7248950 6621566
5632222 3247057 5941842 3011429
8073370 4202461 7424065 4025028
8236096 2193660 8311758 2602245
5160595 7038670 4949966 6821090
5851438 6622803 5922054 6793724
6703222 5023724 6113244 3904676
8378282 4400168 8276267 3158094
5684052 6467681 8456915 4126981
5684052 6467681 7079380 4961635
6701299 5702310 7096251 5367687
8579656 4085734 8076274 3881588
7687801 3165121 5705420 7070386
7687801 3165121 7851838 3290079
7050566 3442360 6505059 3127082
8056402 4197407 7780385 4131169
9103291 3596752 8645829 3672859
6354594 4848045 7437202 2945976
6354594 4848045 6383915 4258375
10817252 5466586 10632351 5529186
6957387 5384447 6845948 5855795
5675506 5693988 6066179 5174923
5675506 5693988 8702828 3665049
5675506 5693988 7620632 6695186
8379339 4356695 8254063 4071034
6679999 5632184 6564103 5167171
10626167 5339500 10964039 6178924
7324763 4638241 7534724 4862704
7465650 6639540 7114714 6662010
5401849 3988837 6040024 4344828
8959275 5042556 7461522 3267017
8959275 5042556 8789459 5074657
7943968 1413956 8075122 1509475
8874005 5089258 4935090 6811459
8874005 5089258 7965793 5983555
8874005 5089258 8241290 5367271
7733488 6289956 7737009 6114968
5933506 4058986 5758986 4316826
7757971 3491881 8537802 3811845
6043392 5205412 6154021 5053713
9278966 3457660 9323867 3550566
7561471 2726249 7923387 2766908
8071444 1503012 8021195 1549665
8071444 1503012 9697839 5656902
7851838 3290079 6554837 6936848
9279889 3780985 6078860 4333594
9279889 3780985 9241616 2682422
6828188 4829950 6650444 4763784
7854546 1631055 8220453 1473133
5427305 5361786 7644857 6873157
5427305 5361786 7842946 3326487
5427305 5361786 6478942 6405429
10962965 6144755 10648708 6057046
5525261 5503108 6059856 3848776
5525261 5503108 6094300 5883779
8026365 2115541 8311290 2558141
10111974 5209553 9556938 4886673
7867240 1634156 5532924 4191788
7867240 1634156 10095517 5197921
4757587 5768521 5061867 5621312
6111383 5623799 7545444 4876134
8047292 4202082 7971700 4032983
9418508 4027658 8981943 4238233
7790870 3517526 7846930 3273298
10138698 4307276 9898314 4768919
7666355 3137062 7260895 6612381
6074740 5807802 6401151 6922764
6086810 5836480 5682555 6496382
10189988 5976473 10296772 6138465
9933012 5953940 9711434 5659067
8368789 4338245 8475623 4458474
7757638 6283719 7596198 5746452
5644594 5624578 6715333 6632529
6826686 4443467 7541480 4513144
6826686 4443467 7039286 3435603
8471817 4117868 8158487 4659908
6683340 6575384 7524695 5053904
6119323 4355375 5398073 3988334
8308806 2585315 6865095 5866673
8308806 2585315 8298082 2549199
6427472 3025485 5502690 5015467
9070531 3602904 5967644 3085527
8031094 1543727 5726569 6451326
8031094 1543727 7863563 1627694
8475623 4458474 5654935 4304545
8475623 4458474 8222784 2605265
8495691 4191091 7657141 3122216
5924484 5984050 6524338 6197809
8631624 5597744 8447611 5856196
7722420 3614092 7974079 3620975
6708782 5691365 6939094 5597542
5748820 3554917 5672760 3555241
7642944 6336924 7644857 6873157
9287932 3737592 9072714 3593669
6675234 3444026 7448675 3256505
6675234 3444026 7178526 5532995
6675234 3444026 6663730 3449304
6046363 5165519 6091635 5891480
9420877 4816667 10206613 5962886
9420877 4816667 9750675 4990168
5921301 4057809 6015288 4341544
5998093 5664650 6082224 5624435
9049921 3892527 8251654 4429649
9049921 3892527 7542774 5240615
7554769 5883562 7430144 6001742
8567385 2764135 8018926 4262504
6081541 5635288 6012448 5436747
6081541 5635288 6255856 4459119
9404968 3297255 9705085 3153001
10632351 5529186 9324010 3537108
7877326 5256369 7557238 5234549
10743355 6017603 10746350 6195150
6953356 3389311 6498907 3056004
10776298 5562382 10956890 6168310
7975956 3622903 7683005 3573599
8588374 1013707 8666743 1058162
8588374 1013707 7191721 4603508
9428565 3618832 8218277 3856389
9428565 3618832 8062427 1506374
6537181 5445240 7135916 6175502
6537181 5445240 7084598 5381748
8303766 2574897 8189422 2045671
6906713 4286990 7208192 4613316
6906713 4286990 6015288 4341544
6065396 5822459 6597372 6614971
8281472 2063434 8309597 2608446
6514127 3073527 6633740 3021327
10218509 5999404 9697839 5656902
6485014 5495653 8231428 5116833
8235975 5370165 8985631 5028484
8282249 4002247 8272863 3838131
5067368 5497943 5047115 5634196
7034405 3500047 6646627 3446636
8297840 2535740 8308818 2585956
6561449 3146915 5866386 3025870
6305575 7018759 6437119 6326526
10104298 5205507 9718131 4971652
10104298 5205507 8571626 4076077
7103320 4366960 7468252 4650126
7598509 6702042 10009333 3067033
7475174 1610741 9192177 1919044
6536895 3136530 6382018 3243960
7747671 2104216 7848987 3340598
6330469 6810343 9249908 4126674
6330469 6810343 6388973 6875024
6692107 3507730 7041659 3424234
7607459 6697693 7922541 6803446
7018208 3926672 6862688 3817885
7723551 4134537 9249908 4126674
7665929 3129602 5398073 3988334
10095517 5197921 9902537 5130957
8627974 985321 8214237 1457410
8627974 985321 7835140 1654284
8217598 2581850 8302184 2535936
8067218 1484929 6981273 2675836
8148026 5118767 8236462 5455043
6537152 3016628 6401764 4302253
6537152 3016628 6632085 3311374
8628121 5600194 8521181 5804759
8628121 5600194 7946253 1411836
6746596 3271659 6941561 3379042
8280567 4149309 7223557 6828650
8280567 4149309 8281882 3987429
6142737 3936385 6083863 4357848
7079380 4961635 7199712 5439235
8400522 1323751 9920090 5141587
6090315 4339193 5672760 3555241
6090315 4339193 6007240 4328145
9700759 5647262 10157187 6201829
8033531 6944741 7602174 6690965
7403538 5994073 8113505 6044607
8024878 1528004 7994098 1957877
8024878 1528004 5548702 3627592
8346433 4527027 8277784 3152053
8297156 3992493 7959802 4042963
7551339 2741081 7888431 2428437
8295785 3885624 9362800 3533795
6650831 3452809 6113244 3904676
6650831 3452809 6946121 3370416
7631598 6851290 7921391 6796132
7574312 5691873 8287876 4181115
7574312 5691873 7961301 5994611
7574312 5691873 6750130 5923547
7223557 6828650 6942655 6732280
7951014 4035577 8481697 4147598
8305379 1043461 8680219 1056745
8305379 1043461 6708922 5028024
10310367 6140630 6547258 3029744
10310367 6140630 9904491 5931009
9718131 4971652 5914885 3013003
9718131 4971652 7461756 4644219
7345027 4661875 7109188 4366400
7461756 4644219 7239730 4491018
9382140 3644102 9193201 3325708
10811979 5433549 10743082 6222962
6372297 6886353 5932502 5122551
6372297 6886353 6680680 6572444
5351379 6911366 5141480 7034371
6116500 5875386 5524203 5503507
9707338 3136054 9357657 3653134
9707338 3136054 8301817 2535462
5572850 4004670 5453229 3674229
4782464 7056358 5038640 6891292
6219668 5003326 6214224 4797040
6530657 6900824 6575216 6563621
6530657 6900824 6421360 4288653
9717299 5119587 9575732 4890957
8167274 4667294 8287277 3962763
10308543 6117515 9942794 6416428
10308543 6117515 9546062 5522936
7605508 3806311 7739971 3605267
8203645 3866015 9735834 3416691
9710833 4351151 9520755 4350297
9710833 4351151 6585194 6567231
8711271 3605063 8664497 3672464
8202849 1490617 8224230 1263877
5945916 6000130 6074269 5860112
6097657 5624056 9721734 4565648
6097657 5624056 5674007 5672601
6197466 5005307 6805413 6674805
6197466 5005307 6680478 4755434
6148190 3965900 7555684 5894166
7908300 5247852 6906799 5413397
8463288 4126405 8337600 4480629
9714882 4591205 9719424 4380647
9742669 5654895 9728104 5642091
8041792 4476886 7863040 3916085
8146599 3359563 7905760 3340133
5890188 3034242 6061613 2971102
7575638 5647109 7741172 6312235
7207523 5408312 6915344 5611021
6059051 5160196 7674354 3586698
6059051 5160196 5825200 6003256
9241616 2682422 8472343 5649109
9712143 5150577 9683999 4240165
8364750 1328363 9440758 4035269
6944014 5615051 6605459 5323683
8033158 4464245 6378468 3247949
10812931 5556289 6065392 5105089
5045265 5620631 5106233 5782814
5941888 6040424 6158854 5013950
8189422 2045671 8021195 1549665
7039286 3435603 6741942 3268966
8730106 3592467 8268964 3936981
9862629 3981787 9773750 3772187
6517252 3010126 7049985 3447929
9417258 1830290 9414798 2171064
8525587 4073926 9211716 4129560
8456067 5848865 8454042 5751698
9682758 4246510 9738204 5017319
8473348 3807156 9111504 3590356
10626057 5639067 10642262 5365208
6096468 5851718 6043197 5830852
8018926 4262504 7992006 6179150
8602518 1546306 8252483 1223686
6708205 6617802 6043932 5203154
8226078 2614298 8285449 2063155
10128666 6178897 10299692 6128826
7920323 3343847 7840766 3281568
5924436 3018837 5997748 3091490
9445103 3623291 7870977 3762755
6542562 3027970 6518469 3073210
8442042 2364987 8020139 2124739
8442042 2364987 6394708 4301660
8924130 4020843 8249984 4147718
5706772 7061977 9305422 3501490
7026220 3424550 7016329 3501098
6958052 3391086 6400290 3018731
10853142 5445876 9878645 5964092
5061867 5621312 6929251 4540343
7167721 5498215 8497077 1240709
7167721 5498215 6767284 5902271
8070281 4204053 7638500 6365263
8070281 4204053 7488926 3991591
8633362 5600130 8565932 4063092
8633362 5600130 8198168 2041175
8633362 5600130 8411114 5806092
6564103 5167171 7935780 6962687
7526215 4846810 7210974 4662282
7706507 3634398 8308256 3194559
6150785 3949784 7122373 4384224
6150785 3949784 5914849 4076464
8343656 4525164 5615821 4226218
8343656 4525164 7893432 2976853
7266292 4507790 6903947 4292015
5041222 5538084 4990624 5659349
6158854 5013950 9732960 5640002
6017350 5662443 5677831 5670773
6109009 5828087 5681498 6496781
7984062 5996678 7528392 5883803
4990168 5655129 5050792 5626711
7876542 3934577 10629326 5341276
7876542 3934577 7758243 4088554
8377930 4340634 8283654 4408310
6159540 5057330 5927474 5129446
7935654 3611830 8529341 3806133
8136306 5192051 8380520 5352150
8477216 1259985 8258450 1237321
7225734 5414481 6532904 5481479
9624036 3536156 9647138 3690249
6927440 5611604 6953507 5396075
8431893 2366029 8233273 2102859
10889327 6137049 10805015 5437640
7011130 3927503 7011320 3800422
7874545 2400560 7842946 3326487
8272458 3841804 8290757 3925108
7414461 6033420 7884125 5218327
7414461 6033420 7454025 1951756
5676934 3548494 5661167 3696589
7363069 6742906 6799081 6679018
6543738 6880407 6300498 6992384
6543738 6880407 7923950 2766970
7466157 1614103 8238948 1473940
5041359 5632383 5188246 5536024
8528358 5803061 8477409 5635865
5416661 5677486 5462430 5634857
7200682 4613808 7064418 4276656
7800122 3494051 7652626 3766282
7800122 3494051 9729356 5117740
8471870 1255001 8370717 1341997
5743259 4298330 10618908 5628454
5920548 4080764 6031093 3859485
6047730 3832294 6398527 4306744
9808379 5893176 9355364 3736882
10164553 6207749 9546062 5522936
5551446 3601301 5609659 4244941
9838384 3752094 9859551 3982744
8299360 2573973 8281959 2065075
8192911 2043751 6947430 3368796
8192911 2043751 8230485 2615222
6696761 3510424 6943934 3367672
8229021 1242432 8951671 5044934
8282283 5354810 8013161 5350944
8128344 3326875 6672505 5607244
8294922 2085834 7128174 6165068
8294922 2085834 8027144 2138032
6941561 3379042 8112227 1927289
5688389 6490017 5964291 5970135
8147434 5133850 8248897 5138296
5891397 3036317 6036219 2927535
6514154 3059813 6633180 3309317
9678476 3435017 9408160 3481171
9720481 5673378 9743032 5653405
8101424 1894055 10059429 5929564
7639479 6369936 7717615 6179908
8527522 4077640 9171089 4051576
8497077 1240709 7841373 1642123
10817950 5461572 10617691 5634478
5659706 4301610 5449093 3660089
9274127 3470442 8147175 5202592
9067944 3598740 9388105 3631101
9228767 2962863 9326257 3574128
7178763 4602908 5031077 6902644
9317801 3508811 7822105 3252553
9317801 3508811 9423410 3280312
8019253 1529461 8112227 1927289
6106863 5830251 5726569 6451326
7045155 3425357 6618684 3484142
7045155 3425357 7518440 3999656
6041746 4347065 5365677 3941867
6646177 3450116 7043846 3426977
7769044 3521019 8305278 3199958
7769044 3521019 7902934 6791911
5677148 5681625 6031705 5434541
6657629 4756489 6677299 4983161
5727626 6450926 9707346 6390626
6004564 4347302 6146513 3936887
5417494 4029064 7070640 5942542
7070640 5942542 9738204 5017319
7965793 5983555 7912050 6159384
8280994 4156769 8272923 3830773
6009459 5462771 6144321 5088787
6535066 3146701 6420432 3030368
6953973 3368592 6485952 3491113
7703730 3632535 8608113 1004597
7703730 3632535 9662745 3592486
7703730 3632535 8366574 3233675
7269354 4500549 6839645 4444067
7162357 4421057 7870977 3762755
6409152 3023612 6771949 3288584
6011890 5425136 6093276 5879118
6011890 5425136 7518440 3999656
5972027 3718874 8272909 3877143
9281150 3448425 9278006 3744508
8041091 4209572 8101920 3875691
10319414 6154941 5672045 3689887
9324824 3486794 6142680 5101149
8220453 1473133 6502610 6153893
6238440 6431573 6546694 6907112
9195756 2754391 9285067 3495573
8248897 5138296 5644669 6507048
8248897 5138296 9325778 4757527
8602767 999612 8364484 1354159
6839645 4444067 9453475 1808934
6839645 4444067 6903947 4292015
7449632 6662280 7451089 6184457
6145761 3959842 6020368 3865243
7236054 4480256 7538948 4870227
6339833 5442963 7145314 6175610
6339833 5442963 7451089 6184457
5524992 4203508 5944648 4064382
7064052 5935178 8141275 5191563
8337600 4480629 9696995 5838268
9191129 2746004 9382239 3671707
5524203 5503507 8258654 4088481
7230093 6831387 6805413 6674805
8631716 5602161 8445678 5763446
7902934 6791911 8019209 6939934
7506203 3745518 8782540 3147934
8032762 5926956 5424029 4005786
9926344 5943627 9851457 5875645
6771949 3288584 6031705 5434541
8535254 3822946 7811483 3258754
8535254 3822946 6028497 3875601
9735834 3416691 7853635 3260924
9735834 3416691 5596456 4426441
5733460 6444561 5962145 5972300
6243874 6454123 6432589 6433553
8277836 4186458 8339236 3207298
8277836 4186458 5544019 5512912
9308725 3734132 8636047 3666318
8302425 2549395 8217587 2581209
6529274 3146982 10434404 5593566
6529274 3146982 6542048 3024457
6864213 4811981 6043197 5830852
8275976 4131863 8378296 4353798
9154253 4054069 8881070 4025302
8019061 5361973 8158379 5123199
9722302 4979328 10016709 5044326
9722302 4979328 9428553 4820713
6366274 4809274 10040172 4525926
6366274 4809274 6138645 5072576
5557438 3973877 5776894 4320879
10157034 6165963 9703975 6400440
7614414 5212963 6676624 5709678
9345545 2054401 9418213 2160392
6928045 3371468 8008828 5919204
8305278 3199958 9575521 4917335
8465958 4153565 8281542 3910262
9683788 4266543 9716578 4596638
9683788 4266543 6382018 3243960
10803828 5564148 10809086 5464921
5548702 3627592 6012448 5436747
10069324 6394488 10062799 5919750
5823143 5970258 6102264 5853159
9912265 5928733 10147115 6188425
9912265 5928733 10087542 5960692
5746001 6420930 5698784 6468551
5454396 3663852 5548337 4222581
6416882 3034357 6609616 3062941
7320290 6916830 7255567 6608454
9755417 4984482 9321285 4936092
8475371 4477889 7084598 5381748
8475371 4477889 8279014 4401774
9019643 3911459 8887480 4032093
9371182 5080385 9583841 5576620
9441657 1819191 9415979 1847046
7521887 4496928 7238134 4783998
5928014 5127187 6148199 5104767
8214237 1457410 8284762 3828151
6673653 4764070 6340797 4823964
8915283 4020815 5628313 4269138
9211716 4129560 7596364 5740479
10087542 5960692 9549729 5534701
8236583 2195302 8301521 2567771
8257662 4424165 8923764 4007679
8228919 2589784 8225797 2577941
8217099 2579568 8312663 2583868
7848836 5471670 8111075 3815591
7210974 4662282 9904264 4757662
9709885 3142615 9304159 3515368
8316738 3189362 7528384 3743545
5448704 5635115 9927766 5145634
5448704 5635115 5704910 5672074
9045636 3895604 8341645 4365048
5123654 5545276 9201033 4697008
9180240 2057188 9192177 1919044
9180240 2057188 6623338 3486835
7725486 4138251 7507534 5074746
6526305 3145402 6233005 4448395
6526305 3145402 7964937 3634644
6899722 4284492 5700371 5677893
8126990 2970934 8197839 2026812
8126990 2970934 7171318 4431357
7743930 2700442 7558220 2728128
6761842 3275468 8840045 5105708
5424695 4023741 5560254 3611834
7795475 3573726 7750219 2093114
8479473 1258194 8218241 1472088
7906323 3760767 8702828 3665049
7906323 3760767 5967644 3085527
10791656 5600537 10634376 5367043
7057427 4274158 7347492 4666267
7057427 4274158 5655436 4276213
7657141 3122216 8347653 4359565
10219676 5991509 7296745 2586705
6050300 5841900 6449275 6382567
7251092 4784597 7249762 4484334
9729356 5117740 9240798 4131349
6012693 4357660 5975803 3719376
8285815 2063629 8218378 2604341
5997053 5374456 6404850 6943400
5427662 5357961 6471456 6485751
6772065 5881581 7067328 5932702
6772065 5881581 5692028 7160514
6212596 5002584 6362752 4812607
7448675 3256505 7706999 3166720
7957478 2771318 6845556 2633649
7163583 4412422 7228242 4682968
6127304 5120013 6366814 4807015
6127304 5120013 10119289 5213393
8302184 2535936 9707346 6390626
6692557 3504251 7561848 3714414
5606757 4205994 5415529 5350350
9711298 5147099 9701759 4313208
7481288 4646786 6829553 4437103
7569204 2756481 8004413 2566482
6455110 6376202 5927780 5975555
9683581 4276113 9720915 4395652
8311758 2602245 6400290 3018731
9005291 3906438 9188873 4137535
6349005 6881659 5999712 5377396
9837862 5873480 10211841 5989091
7946727 3640968 8296817 3194246
7074738 5376213 7153080 5523265
5655064 6485582 5748083 6420119
6850143 4818592 6189387 5002299
10090916 5202552 9999156 5033697
8274497 4421673 8570217 4060016
7713769 3627191 8155742 3345894
7713769 3627191 8089616 3889344
8610370 1002805 8204824 1287106
9167798 2062432 9453475 1808934
6673047 3441283 6709660 3506918
5672045 3689887 7924063 1426265
5672045 3689887 5448505 3689219
6381438 3249530 9878884 5959582
5653074 5644509 6537262 6213978
8120085 2669327 8198168 2041175
7787617 4080642 7259677 4100731
9589482 4905189 9428553 4820713
9589482 4905189 8273034 3987401
8021305 4513237 8293266 3152710
8469751 1239965 8415221 1657741
6060124 2971564 7463935 6636694
8225259 2596791 9223836 2966227
8243977 4153201 9050286 3905692
8243977 4153201 9303345 3565682
9692070 5104911 10105539 5199161
7428441 6012321 7590530 5661391
9376100 3636190 9320053 3491865
10024385 5048373 7341980 6913858
10024385 5048373 9561109 4894348
8377831 4364829 8285739 3900202
7254299 4107730 5781930 6992680
8363596 3239074 7766267 3519156
6030960 4324604 5592184 4413544
8618075 991258 7046055 4962692
8618075 991258 8043021 1529603
9463948 2241441 9414917 1826939
7236719 4480960 7524989 4855444
7989727 5991306 7409432 5996611
6109302 5625736 5429448 5637322
6930709 6741465 7474412 6635756
7555418 4880035 6890179 4274289
7139428 6657205 8339176 3214656
7139428 6657205 6946661 6740444
9328642 3506337 9195748 3332268
8489348 4481116 8080574 3862760
8630437 5607793 8472548 5645164
6530134 6199251 5802768 5953777
7260895 6612381 7208403 6834360
7214680 5394207 7927780 3349527
7214680 5394207 8466057 4129370
9423923 4037761 8868228 4026079
8133274 1684440 8227543 1254647
6623422 5344358 7927780 3349527
6623422 5344358 6566797 5180877
7887828 1664068 6862570 2635559
8369448 4353770 8461772 4132446
5781930 6992680 5752195 7177679
7596364 5740479 7754152 6409156
7178526 5532995 6540364 5171894
7842946 3326487 8675925 3607052
5018860 5774726 9851457 5875645
5018860 5774726 4547835 5325358
5939345 4060619 5636361 4282537
7150718 6721769 6053255 5158755
7150718 6721769 7463935 6636694
6862570 2635559 7600189 2731218
10009333 3067033 8236462 5455043
10009333 3067033 9963846 2877826
9374253 3531381 8220863 3860553
8295902 4147015 7959861 4035605
6807705 6680123 7181967 6719701
6807705 6680123 5398073 3988334
8103210 1930651 4760343 5767230
8103210 1930651 8208612 1458866
8249016 2125102 8101286 1898925
8027156 1554006 7946253 1411836
5588407 4413042 6110260 4335150
5064017 6881594 5025233 6899614
9271126 3753068 9425633 3268680
7273663 6616762 6940269 6742369
7461522 3267017 9830793 3762528
7461522 3267017 7437202 2945976
8351842 4455991 8164200 4643807
7226844 4674279 8445678 5763446
9700842 5107955 10070104 5941369
9700842 5107955 9921331 5135241
6377122 3236132 6639706 3300921
6067937 5878487 6078898 5614252
9251263 3012349 8853842 2534936
9251263 3012349 8230485 2615222
9904491 5931009 8611342 992499
7596461 5228173 7053625 5390265
8239499 2093661 8301141 2559183
5704172 5683452 5464199 5396166
6053255 5158755 5946916 6033528
5749433 7229487 5839944 5904718
6145471 5063941 6222942 4990616
6857601 5841734 6712663 5679736
8258348 4067958 8289348 4421295
8258348 4067958 8595052 1526286
8258348 4067958 8347653 4359565
7806158 2193980 7792811 3568922
7545086 2735184 8019735 2552271
8981943 4238233 6027425 3865836
5782332 4335899 5443253 3658456
5782332 4335899 9685448 3435877
7865786 5396878 7755123 5386234
7853635 3260924 7650077 3777383
7338437 6731861 7468252 4650126
9303345 3565682 9709924 3140219
9950568 6414152 10145291 6165310
8380661 1343028 5610160 4216610
9318346 5116589 9880409 5915028
7518440 3999656 7450490 4034685
8612774 5873094 8628059 5514276
8288245 4425756 8281516 3974265
9184449 4123619 9098195 4198689
9412570 2152223 7879163 5411660
10045415 5957889 10434404 5593566
6707597 5701161 6963976 5391811
7727830 2686681 7896328 3017090
8152764 3351293 7964937 3634644
8152764 3351293 7776306 3513812
9169621 4131521 9409571 4032740
10206613 5962886 7181967 6719701
7020983 3503792 6928495 3367988
9931987 5954848 9732960 5640002
5021248 5776050 9234867 3000776
7566585 5601824 7583951 5680938
8312202 3953167 7822105 3252553
10040172 4525926 9349452 5130418
8143263 1670772 8017775 1541676
9305422 3501490 9683368 3434050
6844548 5806196 6986776 6426027
8480912 5633416 8454788 5854497
4571632 5347108 4519110 5317986
8528716 3785133 7460319 1954513
7888431 2428437 9744541 3414427
9712826 6389129 8409255 1644106
9712826 6389129 9971162 6403494
6488592 6168162 6675143 6606644
9690434 4250557 9577011 4932339
9527573 1953480 9340337 2064254
10618908 5628454 10792393 5588089
7638035 3598816 8920323 3093336
9425378 3475710 8303694 4030306
6580650 6586171 6416552 6427265
7944731 6958338 7068147 4287588
7341980 6913858 9171089 4051576
5751969 7177347 5786687 6999658
7322676 6906740 7205461 6820343
9289622 3579339 9998118 2853430
5596456 4426441 7175432 6716964
6332718 4820957 6843318 4827227
6946661 6740444 8455780 5754084
8218378 2604341 7657480 3762811
9131664 3585678 8049988 3905400
8287840 4429430 8290024 3897125
8287840 4429430 6654553 5622454
7021677 3919079 6789842 3977330
8408988 1669902 8600648 984577
6447624 6456524 9443767 3250746
9722673 5664575 9696995 5838268
9816264 5891341 10665391 5614013
6617187 6624376 5649268 5624966
8277231 3977341 8378236 4361156
9679915 5824825 10081343 5946877
9736364 5643092 9860504 5889956
9171089 4051576 7124274 6662915
5185474 5528652 5099557 5787194
7128174 6165068 6699778 5664340
7416597 5773685 7436724 6006974
9201033 4697008 8765920 4698051
9201033 4697008 10430737 5581801
7745456 2118332 7895489 3044154
7596134 5248151 7060503 4970734
8419570 5798761 8455780 5754084
8281285 3183000 8272909 3877143
8409255 1644106 8595052 1526286
7042257 3498223 6481748 3484940
8169373 1667763 7469470 1604873
10321606 6146138 9668474 5815337
6108565 5637115 5444942 5398372
8249206 4065570 8481318 4471458
5660072 3698145 7554716 2750390
5660072 3698145 5699929 3515805
7116179 4368898 7198217 4609416
6893855 4285051 7478226 4654027
6127935 3939060 6394708 4301660
6654553 5622454 7098477 5371490
5130331 5540896 5044117 5632151
8291487 2097157 8099264 1900256
5031077 6902644 4941291 6817959
7860655 5403445 7862878 5248326
6952841 3385798 6509713 3129776
7792811 3568922 5708063 7078219
8127938 3330548 8297639 3949453
6248951 4469961 6054852 3824522
5786687 6999658 8218241 1472088
5754838 7185512 5699929 3515805
9838634 3764186 5692028 7160514
10565233 6178361 6896760 4537176
7520765 4847921 7325428 4638945
5652033 4265597 5610228 4416354
8020803 3913555 9744541 3414427
8529508 4070514 9129383 4201218
8470983 4451938 6963976 5391811
8470983 4451938 8466230 4475500
8694996 3658327 6481748 3484940
9197639 2790867 8520976 5808705
9197639 2790867 9245533 2729571
7961301 5994611 8006385 5927197
7211119 4678705 7523173 4501942
9198147 2777953 9234867 3000776
7508844 4493555 7512031 4854844
9721734 4565648 9575521 4917335
5994563 5692933 6156346 5030497
7343765 6735789 7204457 6828483
6846140 4449974 7065816 4285344
6421360 4288653 5382416 3980538
8493139 1250988 7924063 1426265
7726917 2698532 6558752 5341004
5699929 3515805 8299464 3922844
5784157 6997789 5705420 7070386
7869330 5385870 7680711 5617391
8276182 5362399 8141275 5191563
8276182 5362399 9545658 1541715
7339757 4647333 7219853 4671781
10747516 6023905 6505059 3127082
5144162 5534205 4753668 5772669
9545658 1541715 9435482 1833730
8038021 3908093 9382960 3529117
8949133 5024713 8951671 5044934
8380288 5355414 8141177 5123511
10743082 6222962 10141857 3913066
8094434 6699707 7935780 6962687
6067985 3859134 5973170 3743115
5692028 7160514 6065392 5105089
6709660 3506918 5991446 3093899
7876758 5234279 5830034 5963493
5942534 3687166 6711351 5034081
9428964 1835524 9168965 2061165
8690477 3608523 9101165 3599815
6568517 6578560 7884125 5218327
8289348 4421295 6087194 5876280
6192007 3216402 6047241 2962428
7217992 5404047 6695501 5700579
9720915 4395652 8237567 4146410
6611445 3052770 6378468 3247949
8089616 3889344 8299464 3922844
4986250 5659277 5133086 5539604
7789019 4143810 7875077 3931946
9710446 5145144 9719636 4354269
7541715 4865202 7177953 4585782
6646627 3446636 6015365 3840989
7122373 4384224 7068147 4287588
6078860 4333594 6247807 4445720
5563277 3975510 5654269 4286590
7893432 2976853 7788655 3531643
7767984 5367510 9954235 6425917
7065816 4285344 7171318 4431357
7720608 6214106 7576617 5651782
8475272 4502084 8281099 3893666
8238821 3991888 9184837 4055660
7912050 6159384 5999560 4323048
5058539 5781073 6045223 5815525
7602760 5227024 6921349 5414389
9830793 3762528 10018951 3763631
6361532 5469526 6233005 4448395
6361532 5469526 6689645 5617786
8279091 4031936 8339176 3214656
7776370 5356235 7419592 6026853
6429634 6406848 6305931 7014934
10068280 5918253 9954235 6425917
7622647 6855639 9880409 5915028
9420539 3488492 9418518 3281279
6623338 3486835 6947430 3368796
7410932 5779057 7555684 5894166
9225463 4133643 8236887 3988175
6324931 6844542 6505269 6156834
5425196 3995410 5549728 4206792
7565566 5597147 7605344 5779146
9282890 3498359 9241473 2695881
6191374 4798095 6699502 4981180
9454566 4031994 8224725 4147187
5544019 5512912 5700371 5677893
5975051 3742331 6028497 3875601
7479238 5076287 7773530 5401500
5106689 5787034 5035695 5532004
7612013 2732506 6862007 2635498
6900426 5627344 7520814 5065532
8312324 2601006 9435482 1833730
5929257 3021677 5896491 3031834
7788655 3531643 6380776 6906284
6778329 5898010 6935782 5587702
9435482 1833730 7726118 3645022
9435482 1833730 10059429 5929564
7964937 3634644 8297639 3949453
6726241 6645587 5415529 5350350
7480947 6638493 6793468 6683990
7898046 3312001 7423135 6015845
5916004 5964119 6702409 6616360
7338471 4642319 7246868 4777074
5554927 5525970 5471306 5403665
9197828 3334095 9284968 3467968
8306477 4144971 7737770 4078535
6233005 4448395 6389705 4277406
6056791 2968261 5991446 3093899
7256318 4503890 7113412 4373923
7972209 4020133 8036594 4471931
6770861 5877909 6505269 6156834
7937235 1415197 8216516 1483412
8258714 4081122 8415221 1657741
9355364 3736882 7656644 3608573
10736391 6021694 10892595 6109237
6378468 3247949 5827526 5980041
8281997 3843327 5824200 5969858
5999560 4323048 6251584 4446222
7904314 1643771 8148666 1665910
8561547 4960667 8858754 5108620
6926189 4547584 6920142 4290120
7735736 3616333 5772758 4306739
8452854 5761748 8481005 5637832
8144662 1651232 7988394 1952009
8235632 4142697 7622157 5223396
6090919 4358441 5994557 3923932
9443767 3250746 9316831 3510219
6750130 5923547 7527971 5051427
6328227 6836048 6711492 3505058
5644294 4270817 5772758 4306739
8840045 5105708 8954448 5021819
6028497 3875601 8264108 4056456
8881070 4025302 9418213 2160392
8158379 5123199 8013161 5350944
8273988 4086186 7960905 4038502
7607385 3808240 7700556 3564773
6502610 6153893 6380776 6906284
6015365 3840989 6250831 4469177
6015365 3840989 5636361 4282537
8686290 3660590 8253623 3854401
9834832 3748438 9934136 4059527
5785336 7008067 5780351 7000757
7480577 1605880 7936128 1646629
7931961 3318208 7596366 3819981
7133094 6182577 6680478 4755434
8308941 1045482 8605412 1014311
6066912 3849369 5995700 3948173
5695755 3522551 5747725 3556474
9189465 4121950 8992850 4233742
6087194 5876280 5674505 5660590
7645919 6856097 7620632 6695186
5130786 5545116 5034548 5543524
5130786 5545116 5448083 5407397
8014462 1550906 5609659 4244941
5708063 7078219 6008919 5465030
7507534 5074746 7179323 5433849
7048548 4264659 7533950 4865744
6142680 5101149 6043932 5203154
6599509 3049825 6629116 3309793
8421427 4143280 9216676 4126257
8434277 2368284 8183207 2055510
7889447 3030042 7872331 2414677
5780351 7000757 7991814 1959997
6028995 5664123 5433272 5635494
10017950 5037981 9696241 5112586
6498907 3056004 7419592 6026853
5532924 4191788 5778062 4310502
6034363 4335220 5520720 4190611
9712108 3130983 9257484 3759625
8378663 4368616 6859827 5845536
5778062 4310502 8085079 6047912
9427562 3466474 6214224 4797040
7472890 1612862 8097554 1500003
8919479 4010755 8347653 4359565
5627129 3251540 6048803 2917287
5008752 5753924 7043846 3426977
8269789 3814644 8346814 4495475
8000491 5924659 8085079 6047912
9245533 2729571 5700371 5677893
8481132 4466387 8158043 4643312
8184682 1477744 8605746 1534208
7325573 4655367 7195886 4607171
6507769 3060885 5433272 5635494
5824200 5969858 6080065 5861553
7447893 1916296 7371943 1535266
6108359 4342003 5628313 4269138
8218241 1472088 6437119 6326526
7165124 4416032 7195886 4607171
5038466 5539376 5048492 5632223
7060503 4970734 6402837 4312017
7752816 6139854 7401545 5767357
8570582 4073180 8266820 4145226
7454025 1951756 7503534 1591350
8298580 2551482 8298328 2537382
5538764 4193421 5655436 4276213
7305318 2589873 7755973 2707025
9439429 1800350 9462780 2242707
9736925 4975936 9709623 5115541
8011853 5359710 8309760 5170740
7432700 4037669 8258654 4088481
7726118 3645022 6380776 6906284
8664497 3672464 7371943 1535266
7613990 3801114 7561848 3714414
7724717 3628074 4547835 5325358
8346388 4488015 8278747 3971300
