25196 11614 49984 77418
25196 11614 72798 68426
24283 10750 57792 88826
15617 95843 41273 30356
15617 95843 99030 81662
-1416 37245 82909 51968
54795 10380 98524 99697
88357 43604 15184 47715
88216 43628 18145 47213
88216 43628 85511 14283
26896 11811 49454 100160
26896 11811 96592 62783
101676 65925 4959 41717
-877 56478 89122 43187
28743 83066 48257 13166
91716 95257 86255 -3327
-844 36095 70906 76118
23461 6971 99743 14898
57269 96996 32294 16619
57269 96996 4686 93628
24412 14134 88334 80984
26812 38649 103385 28707
4942 71341 100162 79854
87154 16599 20233 48479
101423 35013 56525 99533
92455 68800 23174 12024
92455 68800 29592 78393
86860 81120 55351 11265
42027 99660 101928 61912
96646 60568 2413 21497
4821 24104 100631 14082
62453 19521 2790 65616
8514 90766 66738 5610
8514 90766 8849 9130
8514 90766 87694 80176
45091 12469 93386 62984
45091 12469 73538 85556
92608 67178 19973 46071
92608 67178 -2294 38221
23045 77509 92032 43983
23045 77509 97345 61858
-1893 36883 92928 59560
-425 6478 84585 52253
103240 64433 14475 46723
103240 64433 29592 78393
10002 67695 88061 65046
10002 67695 7227 94454
20888 91482 51754 4164
4800 11594 102184 45095
101514 10406 24566 60141
17567 42564 92293 45647
74962 50195 2194 64156
9867 24050 88610 44731
9867 24050 83201 47993
75338 2596 78289 78469
37678 18256 95797 62984
37678 18256 93111 94522
24324 5511 81602 45547
64281 18820 3275 76570
76237 1496 59411 101572
76237 1496 16462 16198
82489 44731 5685 22644
58622 96861 3888 19460
92614 94169 67396 19519
100103 9036 54182 88908
100103 9036 54095 29121
44478 11344 38390 96989
-2680 88330 62713 18439
99945 31459 26976 38518
19262 89140 85899 53339
58212 11549 26768 75155
97345 61858 5165 41910
97345 61858 14563 34831
23841 5399 69731 77580
93053 -1520 47182 77376
92425 69163 23809 4387
92425 69163 5274 93309
60094 100577 26468 13088
60094 100577 49554 100517
3175 21640 73594 51071
18808 6231 10797 90736
18808 6231 5037 42275
18808 6231 98416 82678
-276 35546 58962 87645
-276 35546 88824 44798
84787 31376 10158 69299
102093 11286 12391 41674
16326 97075 26384 4471
16326 97075 42238 100928
7647 37444 58443 96005
36132 90296 33300 16939
19451 48216 103582 22126
19451 48216 23174 12024
814 16566 102645 12481
814 16566 26847 36925
814 16566 67182 44707
101327 10966 28485 48391
17586 46490 99957 58807
17586 46490 13672 95323
22006 91035 28281 13543
22006 91035 37152 31818
57803 54771 850 6358
80580 37836 10249 24378
10353 90381 28126 13687
7493 87981 88181 64080
44369 40605 101899 88408
44369 40605 2596 74385
8519 88908 66639 44620
32313 97246 102473 85711
100902 75418 34474 36004
22074 -509 26377 79628
102688 88779 27804 32820
102688 88779 44305 29325
2500 4590 8760 95033
59186 12515 46322 85951
64829 78566 22500 21731
46090 -1772 42244 69337
46048 86270 64950 5824
46048 86270 817 63516
9205 68824 89870 84849
87575 66073 20213 46123
16980 31117 49927 99240
47938 12812 35435 90493
9065 35718 81445 76892
48434 28477 13720 93561
48434 28477 25839 10987
79880 97626 7889 86384
78924 100061 27977 35251
23080 6366 85717 57280
23080 6366 15528 46153
23080 6366 38428 17552
66989 44861 1161 83851
66989 44861 9893 22981
803 5831 44401 68975
92044 47348 22779 6839
92044 47348 19759 1132
92044 47348 72648 68688
949 5885 55724 64707
949 5885 24945 60270
89447 85975 18086 45196
45641 102475 26037 2800
-343 6422 82858 53436
15528 46153 81137 76395
4773 72133 103702 63223
3888 19460 96363 59852
1615 5337 27351 79349
80772 78056 23189 11263
80772 78056 57038 95827
16427 45053 62259 99498
43372 83404 1537 4995
43372 83404 22786 10808
84487 14095 76233 101068
22644 13877 103583 29887
22644 13877 24166 4923
35736 94510 100211 63411
34403 35374 102374 88657
34403 35374 2903 5811
34403 35374 63533 79376
54758 11921 99305 67344
78410 63861 5145 92211
99180 59489 41583 13130
229 5272 70855 77586
62985 5749 87309 87853
88047 34104 4686 93628
99001 60012 37659 21175
99001 60012 78162 67158
99001 60012 10191 68445
24564 16329 100060 32516
24564 16329 31482 78021
100566 20829 17173 43746
88774 79466 15164 46007
80933 37936 2826 22266
24290 10347 57650 97295
24290 10347 51556 76987
24290 10347 102660 37906
26377 79628 87139 55819
26377 79628 40391 95985
77508 101178 57701 11790
77508 101178 44506 40135
100300 41620 44364 84565
57330 96528 43576 11366
27845 13388 16256 96651
27845 13388 7977 94964
27845 13388 174 35246
-221 5337 65911 79347
25117 13917 73538 85556
25117 13917 99009 19299
25117 13917 101282 9551
13537 17677 99638 55377
13537 17677 85511 14283
73251 66310 -3182 86050
93160 101386 13858 61337
93160 101386 14607 47035
100918 14837 -1203 8260
71848 22162 -889 38664
34964 90588 57822 10814
34964 90588 91575 27613
97721 83153 56210 2066
92257 67620 27342 36796
92257 67620 30790 17081
91540 27555 -700 9006
36276 566 57221 89311
88168 41605 19154 89699
-3076 85696 71013 73756
-3076 85696 97553 50340
-3076 85696 39176 82496
97550 82368 59792 18544
78748 4342 6680 41809
64832 6266 48526 77005
45081 14113 95444 63181
38578 96604 40536 19432
243 34338 86805 55948
59227 86838 101688 20287
45588 101988 27158 13021
93099 68280 9653 22929
84641 32740 13222 40653
84641 32740 99825 29619
94844 920 9570 26136
15466 96027 44441 26478
15466 96027 7254 87929
2995 21928 84422 51517
2995 21928 71974 85622
14974 94024 22110 18771
39461 19236 61162 100727
100881 13499 -427 36359
30535 39520 103054 22540
26257 10371 16332 96794
24498 58877 102948 36949
25087 21185 10498 90024
47677 99751 64221 20396
102436 26927 46735 76022
27510 3167 14716 94767
-2711 58360 85400 31897
99014 98280 44506 40135
99014 98280 60198 100996
4005 91787 102353 72761
4949 93282 82524 41367
37531 90491 3915 12851
89918 67902 25047 14644
101570 12934 23374 7064
9703 90225 41778 16959
9703 90225 26458 4584
26980 37238 99875 58341
100110 8633 54040 97377
22651 12739 92050 47067
96746 61646 17739 46355
96746 61646 98132 76895
95416 62559 2471 21402
95416 62559 -700 9006
95416 62559 58160 89037
32294 16619 22910 14986
38666 284 7037 95238
38666 284 48811 10860
58908 89048 854 6078
100962 31364 5622 40522
94529 62507 21086 22495
100925 43082 31235 53855
66422 6797 15132 65841
101229 57457 -1453 55799
985 62724 100351 80264
6816 10013 59856 78298
9913 25337 87645 17701
37870 19826 94564 88325
100056 30475 24636 59185
37858 16325 92017 103530
-830 5879 78695 67972
-830 5879 61697 87597
77312 1692 36827 97449
77312 1692 87974 42181
77312 1692 29815 83449
58540 101462 94533 3809
58540 101462 19476 -460
83201 47993 2718 21787
25750 12503 73508 85624
39511 96641 20942 18647
69624 19927 45825 85598
94877 60565 13777 63280
88350 36755 -1675 37969
77411 34919 8006 89370
77411 34919 61858 59515
77411 34919 97672 36179
13372 62003 103375 87389
92968 4122 91397 94902
66652 6477 10311 72556
93226 68519 6984 17914
3413 65959 49375 12327
88066 67175 9893 22981
93747 88750 55023 10901
93747 88750 94236 61813
93747 88750 101928 61912
88149 87589 45340 11297
62520 18593 1374 85102
49891 76239 98485 11600
20511 -469 59204 78797
103488 63431 9267 67772
103488 63431 93882 -1580
103488 63431 -889 38664
11405 92086 97048 59468
40048 19280 48828 99804
96818 35341 56744 99517
5134 71054 96123 85885
92849 69026 14901 7265
92849 69026 29555 44169
23201 16008 90006 67837
23201 16008 100922 58110
10088 71884 71326 20580
103061 39128 22127 13117
86308 87425 84007 14744
83227 29858 42918 101186
5170 20274 38748 86245
1564 64857 88196 35474
31534 17172 73232 85401
98786 56262 42177 99929
94878 62753 13764 17326
98437 36372 22740 77871
98437 36372 88982 -2779
101588 88930 50906 29645
21974 -323 28493 75720
21974 -323 34387 73537
21974 -323 35851 95838
26751 13377 39234 96892
99780 67328 44786 12262
99780 67328 70867 75220
97074 6520 5178 44545
22136 11833 102875 66094
39709 67821 99338 30064
39709 67821 99810 41118
-1401 9078 90689 777
77904 36406 -2354 58145
77904 36406 37631 90882
91941 46929 24951 15643
27432 11231 3044 85453
14971 32998 92125 59745
102373 86990 34411 70390
33064 99718 86696 33814
33064 99718 39184 30170
33064 99718 101130 43841
25537 74222 84055 31142
25537 74222 52661 4436
20213 46123 84422 51517
59758 100729 68960 19206
59758 100729 101250 31603
59758 100729 24219 14721
18846 88854 94636 59347
18846 88854 5357 41647
102243 89275 37136 22404
46088 12391 56612 97198
55724 64707 24612 74419
55724 64707 9389 25890
59693 2240 24585 79497
59693 2240 32043 17096
9158 23058 103493 65560
24348 14721 102955 39052
24348 14721 2018 84611
24348 14721 85389 14120
24348 14721 101179 20363
29954 77407 90080 24298
94160 4945 66382 77602
-1787 39752 90707 -684
-1787 39752 13513 17448
61861 59580 657 6129
61861 59580 33590 89470
101442 22537 -1228 7893
88092 53182 -828 56002
88092 53182 88241 66419
88464 65248 1551 63439
88464 65248 60491 17800
17496 48769 101850 10948
74935 2141 86740 88025
99282 36584 4984 73402
44283 84846 102006 35713
98335 49313 8261 37032
88193 67414 7224 17966
88193 67414 92431 59576
6049 44656 78778 4206
46336 -2024 37079 74629
95834 91211 -213 81644
95834 91211 12769 41804
14541 46223 101852 74931
27868 36499 101356 11532
-366 6647 83348 48714
38725 74489 11780 926
90211 84630 2040 73436
90211 84630 56152 88748
90211 84630 24796 13658
76233 101068 96056 59355
40488 27148 98470 81958
69731 77580 8261 37032
101884 89808 44686 11191
11547 90812 3053 4642
24039 17619 96176 7802
-344 89197 13641 226
85190 31579 1707 65042
85190 31579 11710 70547
9450 3581 87667 18737
5157 12854 11447 90421
22566 6066 96516 63565
50005 64694 536 6035
50005 64694 99687 12371
64650 78929 26251 14119
568 54001 58780 95216
568 54001 14085 64125
22664 6080 94454 63288
57289 100528 85389 14120
59489 99763 39184 30170
59489 99763 23972 15594
60766 12115 13133 94340
27160 3322 22059 91522
27160 3322 7306 18476
14466 48007 103426 37467
91442 27229 1348 15863
70855 77586 25589 5364
87799 37401 9905 24399
43745 -1778 91476 69457
98439 8322 89132 103911
56243 88819 56809 10898
97936 99273 67142 19276
11794 321 38433 87195
39236 74267 1049 5579
9858 91010 38531 485
38211 86439 16462 16198
38211 86439 87349 41326
58507 100349 59800 17867
78532 64710 2596 74385
78532 64710 5459 40653
61036 100248 6706 20000
22665 12087 91759 60740
22665 12087 9905 24399
59476 94432 -1477 55382
48269 4279 94069 89065
48269 4279 41009 27224
99590 55903 32975 88441
1977 5237 34149 78315
6266 19906 15728 93970
95763 87457 12692 38047
26389 11788 60098 100639
97884 39941 34340 2917
97884 39941 34269 86681
34639 39336 97431 5450
9473 25827 96870 7411
9473 25827 95398 3588
80747 78041 23731 11584
-595 8085 88146 18522
97940 6481 23955 17682
-297 83135 97605 59895
69166 77784 35707 1115
47947 26450 94084 88009
47947 26450 24432 15842
47947 26450 41542 22371
62346 17620 43912 101769
71404 70337 35601 1470
94895 87534 30923 36425
17433 5921 39678 97247
87357 38494 19171 1450
17568 46533 100324 57899
92462 65731 23025 76473
71974 85622 57964 12531
8996 37129 82902 47263
70105 77510 15984 6861
24432 15842 87917 45122
92846 67154 14970 46593
58346 100781 98605 18113
91197 66859 -1811 36536
79071 5855 -106 10039
92252 46673 18430 21026
92252 46673 94880 5559
4489 77412 38787 1133
4489 77412 28485 48391
4489 77412 35002 83493
96475 6308 17752 48990
15978 16230 48380 85774
2496 4611 23234 91461
99488 98529 34541 34904
90674 65277 9167 69756
99756 56501 29493 75874
88724 41636 7467 89050
11103 91952 103400 62279
34949 100746 47119 12222
21297 22256 90096 67539
58319 96074 22810 20897
49004 78075 45768 -2188
56572 97193 46932 12493
65999 21726 10342 71829
14538 7706 100468 59748
25488 14167 80663 77918
58656 1909 46348 86456
58656 1909 60010 17978
62640 100863 8440 16374
91759 60740 674 35216
46468 76559 99017 29648
22910 14986 97990 6609
22910 14986 1738 14859
101250 31603 -445 35497
-456 53812 80278 99177
29490 77154 99825 29619
73815 85305 19308 19187
14949 94976 22619 -1239
14949 94976 18086 45196
99671 51703 12836 94826
99428 59381 28698 34440
5190 22555 92882 46600
55106 29427 13402 93516
55106 29427 100556 59018
54552 96124 101911 19845
44721 28028 91690 102973
-2867 56757 88674 65566
87549 38147 15153 8735
87549 38147 75698 40788
62043 20943 93413 88271
93917 8452 17490 44335
59823 100416 32172 16457
59823 100416 101841 26426
9714 89968 41542 22371
56680 100703 98162 10435
23194 13060 92025 47052
10158 69299 47305 11373
37828 22819 87695 80570
7247 18559 87707 54965
9085 70103 92405 57978
22872 76845 95672 57932
28949 34318 94155 61944
28949 34318 62259 99498
31117 78269 65661 6205
31117 78269 28681 34484
60820 101136 46642 10652
-2224 57473 75172 50514
90891 26033 12924 40972
73592 85497 23983 15167
-566 88441 18309 16103
48058 5627 98506 60753
89113 87474 25086 13712
89113 87474 4923 72402
102884 24248 34102 3664
101531 45594 18496 1112
82822 49760 407 83618
18430 21026 86696 33814
22838 16844 97641 50275
22838 16844 2779 22247
47856 85952 26972 12488
-1436 55755 100863 58366
-1436 55755 -695 57013
85648 56856 24540 15283
81760 75074 2443 73891
80638 29973 97293 98764
99396 51970 18619 89206
28717 33379 99030 81662
28717 33379 5697 72806
28717 33379 84080 49302
28717 33379 74839 83557
37896 19548 94019 94168
100772 75641 37218 31318
5174 72280 95287 60136
17453 41805 94702 61587
17453 41805 18832 87350
47182 77376 -163 8685
99114 55555 24531 13935
99114 55555 101318 89754
9130 9428 11258 90584
37479 83361 25377 5124
37479 83361 13641 226
37479 83361 -1521 6861
96524 99325 96787 18183
96524 99325 -1040 89044
135 34896 89074 44215
24585 79497 30269 19698
8440 94286 9211 20284
97871 36614 34625 72789
32389 99380 100870 40914
36731 95890 79319 34430
82536 29925 57425 99775
82536 29925 98634 6090
82536 29925 22208 12835
56635 97002 58167 1407
4550 92194 90894 64209
4550 92194 25128 14475
37152 31818 102160 65143
13363 17179 103293 65840
13363 17179 48811 10860
57384 95808 42445 26488
57384 95808 14501 35291
2509 23932 94630 9424
62199 86989 39278 17113
913 63456 101869 64890
23731 11584 8006 89370
71411 19713 8292 90094
103890 63633 817 63516
97472 47198 26399 81446
97472 47198 104027 29647
26201 3706 42197 83465
66367 22027 2604 65497
66367 22027 24672 16206
99398 13327 30709 39958
101723 45247 14478 8397
19456 89702 81833 41538
19456 89702 530 81327
25047 14644 92631 7459
64482 5691 55878 89067
29555 44169 78849 99636
54160 75955 8844 17560
77921 101564 49038 3684
77921 101564 1218 63663
11919 92385 86249 53184
11919 92385 45330 64402
29609 76305 97319 47443
29609 76305 47393 13029
88531 64320 135 82925
-2417 87270 57174 40691
-2417 87270 60667 101468
-2417 87270 8816 3390
73773 51785 -595 6649
20817 22661 100169 59035
-1005 88492 27535 15025
13522 65588 100217 12107
13522 65588 60841 3246
58655 100708 56694 10332
36873 86646 44550 11837
37286 30218 99357 98752
4022 19585 62850 100710
88491 87180 38159 19881
88491 87180 85717 57280
92898 66372 13871 63004
43209 82668 4957 20445
88989 67943 44546 13784
99894 20296 31284 54940
99894 20296 57847 10326
98455 49187 5742 39674
98455 49187 60307 17890
22263 21815 69806 76798
-602 7146 88299 38223
15791 94314 4950 12669
24930 14774 77468 67549
19625 48655 99926 12913
19625 48655 100191 55197
95747 84828 13023 93249
14835 17000 72393 69598
14835 17000 101130 43841
18061 22575 100000 14155
18061 22575 34195 85230
101960 88062 43087 47868
8012 36288 103548 64930
100629 66156 26944 36866
100629 66156 36032 639
-8 54953 70867 75220
89446 69472 86363 -2099
100863 58366 99712 60241
99340 99272 37643 19305
100690 21254 14563 34831
100755 14101 2217 23710
25296 10666 36513 90595
25296 10666 -213 81644
34946 2082 85152 57484
34946 2082 93165 6239
17848 49299 94450 -183
78069 63877 12309 91876
20501 91601 59887 1664
20501 91601 47317 12353
11199 91892 101379 63536
87583 87534 57221 12440
26158 11341 29795 83153
101472 66817 9254 22998
22109 91455 26109 4738
100770 42193 34487 72524
89690 86312 12981 38102
87545 36274 15223 48064
23630 7285 96195 8294
23630 7285 14563 34831
86336 54336 10084 68205
88908 23380 54573 96675
88908 23380 102027 43871
23277 77944 87162 34851
23277 77944 99008 60145
87422 67694 23413 12077
87422 67694 34599 90836
103679 38594 9149 24342
88045 51872 158 83517
64842 20855 34630 90110
64842 20855 22920 -296
18921 20737 81940 52754
18921 20737 23689 16574
18921 20737 10015 69113
857 58261 52708 5746
857 58261 64308 19341
59228 77844 20003 19542
44690 12322 101801 66071
59757 17735 98287 99347
59757 17735 522 6542
89424 87217 18565 19096
89424 87217 80602 38872
59670 12483 36153 86616
88178 18515 -1281 8234
101828 12191 17974 22668
7007 88802 98395 46848
85896 14143 46645 100049
58216 99977 101342 34992
5455 43622 91247 25907
5455 43622 6894 94196
95933 59596 17394 41900
27716 3353 10373 90873
433 34521 82821 52098
89219 103817 96612 10287
89219 103817 7525 37281
96298 62089 27150 37059
100473 67053 30236 18045
100473 67053 45676 101923
25814 5501 28310 75443
5725 41762 98808 5334
1575 64032 87977 52799
100449 76495 44000 13377
19759 1132 75008 45177
74804 49662 2774 75101
56336 96816 64460 5322
56336 96816 -192 54553
22651 78691 100305 19165
5781 10022 81601 78115
3869 13209 38503 82976
88618 66529 -1688 36551
72799 52063 19864 804
89201 87409 23240 15076
88095 64947 9290 69771
87382 37541 18662 21461
-1665 37144 88132 54080
22474 7201 98449 39737
22474 7201 6110 43088
37780 1031 25629 79554
102662 25720 41992 101383
28681 34484 99794 58472
47973 26172 93539 93852
47973 26172 88918 86548
47973 26172 5685 22644
29457 75501 100510 64317
89715 1055 19058 3233
89715 1055 61858 59515
100784 41588 34195 85230
99922 21027 30684 39592
88824 44798 5383 22641
18623 49100 78179 3995
58564 100637 58603 11816
93202 94593 55049 10623
93202 94593 46888 86005
-368 7833 84582 52188
78289 67397 7695 17967
13472 63074 101271 64908
60671 99415 14363 37478
98028 48816 14723 47467
99938 76585 54728 11481
4299 91208 96163 84925
75478 41856 9891 70871
89853 23885 34716 86073
15612 7318 77912 67904
38428 17552 80047 77757
38428 17552 24573 57093
58616 95579 16567 31292
93555 6974 25085 75373
93555 6974 99536 82331
24945 60270 93562 7693
24945 60270 94037 94043
17732 6826 33399 78239
28547 47931 100024 20630
1573 32822 58874 87775
49618 25880 58992 99968
49618 25880 -1688 36551
84107 52467 9619 1975
75007 40958 19781 89730
75007 40958 44000 13377
2657 13008 63943 87185
6418 39603 84259 50675
88530 66658 161 33828
48624 12784 21037 91072
60405 100320 19947 18472
60405 100320 102184 45095
97538 60822 1119 63650
62504 5982 97421 82966
56714 88724 46925 12896
17966 46476 91982 59103
34202 100486 62808 17681
48828 99804 -4293 85150
1392 83750 62125 46996
92873 45642 5378 42682
88508 87055 37790 22510
71130 19414 14195 96364
96378 6309 19794 48969
96378 6309 20903 90426
87204 18794 19178 2388
78422 4333 13518 42005
78422 4333 -2662 86977
59220 86546 101841 26426
59220 86546 46681 12969
98124 81978 47754 26737
44623 13161 87371 81030
19607 47792 100296 31018
19607 47792 58817 100539
49723 4740 63533 79376
291 84528 85257 30651
47094 12710 35475 90498
14571 46663 101218 65690
14571 46663 19693 90019
92813 89169 74646 2087
87827 35173 9303 71189
47920 100159 59110 11838
47920 100159 46138 98513
75283 40690 13997 95351
64423 6195 57113 78480
19178 2388 101305 63423
99952 52001 6933 88557
33610 35992 92219 102593
77794 38771 -45 8472
10611 72742 60358 2562
10611 72742 27244 12626
10611 72742 20167 45484
66181 5579 20201 91415
66181 5579 -2354 58145
94828 63219 14807 7541
94828 63219 87974 63894
445 57875 61370 13852
10440 71957 63940 19040
11580 90805 2366 4791
91836 94412 83744 14412
102012 72777 11169 91452
102012 72777 100755 76160
56465 96218 61748 17884
44778 13979 101797 65992
6804 20812 96997 7650
57822 10814 24715 14649
13552 95854 84626 30112
103038 26455 34088 85950
93180 44989 -1070 56392
93180 44989 49710 75508
49761 99842 20454 18494
60996 99425 7525 37281
6306 74169 71506 20471
6306 74169 14501 35291
62663 19839 -1628 58934
7889 86384 -1811 36536
96852 83138 74454 2374
22917 75245 94732 91516
57524 96275 39501 16671
2043 23271 104411 23314
2043 23271 37429 83429
100755 76160 37575 20406
88061 44765 21394 23340
70692 76850 3649 20722
70692 76850 85854 15261
58022 78881 45338 -2227
58022 78881 87526 87246
-1233 9708 102742 12808
34677 16741 7227 94454
47119 12222 27497 35901
965 15286 99474 39352
48885 10973 13699 94395
48885 10973 49184 28749
48885 10973 38705 82738
99357 98752 34227 83692
61888 101440 24215 4263
104285 23822 4700 12607
74743 83621 -192 54553
96426 86678 -1225 54407
96426 86678 94825 61346
19347 782 83644 52524
30140 18105 102494 65796
30140 18105 2350 65551
93069 46963 1270 14924
77995 63764 13868 94252
45886 12207 60856 101062
30558 36374 102557 88609
30558 36374 6105 38837
87632 34007 13409 95669
27050 13788 47853 85890
27050 13788 15176 32666
44636 11163 35067 100796
61851 87265 46592 11313
61851 87265 19430 726
23469 5856 77538 67974
95187 88618 24796 13658
657 6129 10320 67203
54652 95111 99810 41118
101954 75293 12397 38626
101954 75293 96592 62783
101954 75293 77334 78422
77666 35566 2638 75773
5482 73125 88819 42394
89241 80660 5363 20933
34530 1796 93889 63492
61846 87186 46681 12969
61846 87186 35335 1572
62335 6774 100961 66335
62335 6774 96163 84925
38911 86980 1750 4825
95981 6892 28124 36720
7835 20482 37344 90128
49811 4349 61697 87597
46364 -2457 36480 83722
100122 66919 37605 20846
102027 43871 8085 37291
94452 92980 28812 44486
66179 21617 6560 74114
1285 85111 64376 18413
100175 55182 2245 21754
37427 96551 64709 20548
14580 7892 99588 55843
410 34746 83311 47376
5881 21573 78375 67225
6310 39363 86516 55709
39875 30102 44982 101175
4627 91571 89276 77296
93611 66736 -1091 55357
93611 66736 102645 12481
93611 66736 37153 91097
48991 28903 2018 84611
55856 29699 -2354 87794
58764 1142 44083 102554
26510 11951 57545 97219
18353 22797 93876 9478
92274 45430 17952 47127
49860 3688 60667 101468
58443 96005 4959 13423
58443 96005 38 33812
48775 28461 6556 93896
9303 71189 103851 28482
60491 17800 44000 101760
18918 -20 92658 69373
46277 -3122 38305 97678
88918 86548 29198 33147
38624 86226 7774 20668
38624 86226 94079 62709
10542 23699 74434 52109
103528 37829 12322 40410
103528 37829 100741 19807
22451 14602 96252 7945
22451 14602 97903 4445
1858 84721 52339 26606
36513 90595 27482 40049
36513 90595 103946 86850
-990 88977 27209 4856
93599 9728 24162 17528
93599 9728 99699 58314
43082 83176 7615 9781
43082 83176 41547 12758
20650 24072 103678 29401
95661 87095 14836 45644
23689 16574 103533 29758
87163 54866 18673 20636
10676 72308 58979 11684
59414 11058 1521 85461
59414 11058 6112 11232
74454 2374 22675 9011
104431 28476 4828 43500
2903 5811 15888 94641
24410 4850 57786 89107
24410 4850 24618 5449
34645 2555 91479 47552
99767 98640 28682 32571
56565 89134 50055 4276
37321 31026 98620 81774
23873 15119 99658 60301
86518 -2994 86188 88269
24238 5189 83411 52314
59198 10616 6060 94746
59198 10616 5498 44900
34088 85950 99065 81672
10735 34572 46370 100962
91575 27613 -1443 7800
43383 -1336 99094 60178
24612 74419 103489 27004
101461 76577 22745 11654
100218 22173 24478 15525
87707 54965 17885 6581
35439 90572 47850 11155
4991 91717 81639 74225
38794 81919 97672 36179
18257 20362 95892 60622
60524 100257 52862 29106
89293 23240 46483 99616
58432 89327 10842 220
90045 86186 5513 40752
90045 86186 95797 62984
49724 12902 -2062 88594
102303 20756 46312 76983
27016 5010 3064 85749
27016 5010 49940 3710
22698 75811 99317 79641
22346 13101 98456 39456
22346 13101 101342 34992
23314 4516 102819 66443
98824 39667 14616 8663
98824 39667 98485 11600
98824 39667 34728 90238
1489 13941 88466 67605
20859 22847 99289 55130
90203 64379 19057 88615
-700 9006 43085 82650
22263 5933 102869 66375
22263 5933 99016 11273
739 5227 60145 78526
739 5227 11773 22109
43266 12200 63840 79020
99881 96424 26285 79102
92796 46772 7004 18949
43819 37933 78169 99933
98695 60347 44084 14146
98695 60347 95728 6709
14876 46870 94825 61346
14876 46870 99965 55335
58943 89106 111 4872
82933 41656 -3643 87224
5560 38430 102279 75302
17409 48237 103679 22125
17409 48237 -1606 37061
2515 14867 66925 48146
2515 14867 94430 87990
2515 14867 -945 7275
-616 88907 19352 6318
8181 35496 100008 81561
99860 58808 19628 46469
97789 48841 19727 46944
88003 36510 5610 43117
88003 36510 12732 39273
6086 40776 91217 26042
95543 59618 -199 83149
84007 14744 27536 36210
-310 8001 83346 48650
103035 39113 22670 13438
14644 45931 99700 81064
5030 93607 80828 34539
5030 93607 11780 926
34474 74069 101042 9743
45606 -2132 52409 76893
45606 -2132 -58 34811
45606 -2132 -192 54553
102114 34946 42018 100944
97478 62835 2373 21389
97478 62835 91649 60602
101029 63691 18542 88647
101029 63691 90645 67506
17401 47945 103833 28264
23446 4828 100044 59885
85854 15261 47525 76577
85854 15261 24684 15480
87973 36645 6241 40271
92284 56925 11632 92207
135 82925 95475 2484
-2533 88689 59608 10904
84333 48134 4863 92960
12366 70724 38412 1451
12366 70724 94025 94300
12366 70724 42244 69337
98380 4963 14707 49555
103733 37964 8004 37572
51556 76987 1204 6652
98524 99697 84259 50675
14707 49555 33733 89655
42018 100944 97641 50275
42018 100944 102304 62647
71694 20882 2350 65551
24503 78703 61419 18898
88737 44970 7198 19035
411 83997 82740 41809
14708 7528 96891 63495
88310 35857 -838 56827
92468 44624 13891 64040
99753 18802 34244 86315
90601 27891 19016 1955
90601 27891 16595 31258
43353 11808 62005 87242
14610 31951 99702 81730
30290 18374 99352 60146
57549 11170 40704 83110
57549 11170 101245 44897
64684 78924 25539 14232
64684 78924 102856 63010
24357 13437 102769 66018
16256 96651 40694 19251
17017 43381 103851 28482
2910 4878 167 88976
96104 82936 90173 6614
96104 82936 21443 22864
71794 23565 241 9196
8006 89370 92176 58298
8006 89370 15161 9673
84742 48423 -3729 86902
97553 50340 24684 15480
86695 56565 2551 21379
90178 998 9330 4426
90178 998 103974 28241
90178 998 43985 -1725
91762 -1088 74286 68304
100556 59018 5012 42046
14422 95178 66358 44321
14422 95178 70566 77358
93703 218 33539 40867
64150 85146 -1699 55824
64150 85146 5303 72388
93882 -1580 29773 78639
93882 -1580 24853 13176
24503 15891 99694 14474
78562 67588 1961 13941
89914 23699 33436 89974
75794 101558 93711 3805
101955 66048 41451 12817
48880 12801 -2022 88598
1947 61841 80163 98795
6890 18190 95205 62712
56042 2858 101260 66522
95192 59378 7159 88205
97169 60521 8858 69982
6700 38854 78336 66402
94630 9424 92405 68671
94630 9424 101993 11590
7561 20838 43085 82650
99923 90489 85864 -3100
99923 90489 94927 61708
93405 8819 28246 36628
93405 8819 54040 97377
1386 73330 103946 86850
20751 21848 101556 76092
55434 64479 7027 10671
98756 12137 44203 64955
58977 101023 49940 3710
48640 100189 43990 11192
101850 10948 96428 8504
82647 45984 14359 63975
82647 45984 26147 79572
49629 99736 23224 20722
81714 53134 23685 12770
12636 93988 71204 19527
85304 31961 -695 57013
98971 6176 2302 24087
75658 41747 6109 73156
23972 15594 97587 50334
11025 16679 8354 94457
92657 65154 18940 88578
86908 15337 25401 74975
86908 15337 24367 3947
102871 20920 34387 73537
57771 88623 24736 15018
17565 47814 100393 31016
-1034 8575 97370 8232
52409 76893 16548 15524
52409 76893 19430 726
2745 21941 82629 44764
13666 17313 96940 63029
13666 17313 100712 41096
87645 17701 27596 13570
46655 77736 95099 4939
86363 57501 9512 1735
44321 12519 93713 94502
44321 12519 15984 6861
31394 55684 97586 4671
13998 20303 89956 242
65495 5607 34599 90836
65495 5607 9436 66980
33875 83162 101070 9310
39950 97537 11722 -171
39950 97537 60307 17890
4829 93813 85041 30209
48011 100229 57201 10355
41026 83425 50795 4548
8054 10023 33860 78087
9484 36109 72648 68688
9484 36109 40403 16649
9484 36109 48989 100721
9484 36109 78782 2761
93831 94553 41838 11460
93831 94553 88786 23218
46975 78091 88385 -2510
6112 11232 74645 52703
33488 36709 94773 87521
48333 100545 50447 3732
-3086 57740 93276 44924
36405 100589 16548 15524
36405 100589 55624 64316
36403 90457 27596 13570
91733 60725 23208 12409
37173 96605 70036 19403
37173 96605 5704 40198
94793 10159 -911 8483
61655 17687 58419 100358
103187 37492 19470 47484
59772 77943 8577 17465
32514 35834 61493 99937
19629 33 77720 68251
38622 86752 7827 9611
2143 22258 102310 44587
75950 44906 -14 6828
75950 44906 9083 75101
51347 65031 92855 -932
60841 3246 470 58380
92176 58298 13905 63388
74899 49255 784 83642
74899 49255 5268 72003
23464 4785 99677 60793
23464 4785 104074 23228
58268 96761 11312 21572
58268 96761 44495 65178
92177 45431 19994 47106
45185 12192 91407 68792
45185 12192 92437 102766
22413 6202 99727 60725
94756 8821 -135 36582
59027 78239 24224 11254
87624 64049 19180 88630
19064 6878 5428 77139
19064 6878 87950 52278
100996 21085 8134 38376
100996 21085 102955 39052
100996 21085 44982 101175
44822 12634 99026 59513
89223 87612 22786 10808
89223 87612 76911 3220
10015 69113 87793 35272
45622 64625 92577 7486
36531 96096 83531 30100
75731 34366 43275 100972
41630 19444 15600 96362
4824 21918 100565 59977
36349 95561 87349 41326
18171 46144 87672 66072
11023 70480 66618 6576
98132 76895 92648 4979
100101 60656 14556 7663
24453 13377 100748 67275
87031 54760 21443 22864
95581 60878 24778 14979
87999 17802 2489 23224
87999 17802 9783 68678
4693 12315 104438 29961
87395 18447 15161 9673
87395 18447 9059 89623
11544 90747 3110 5997
98452 77250 85934 -2470
85834 68137 56776 2781
85834 68137 86557 -2686
85834 68137 85792 56499
86671 34302 33590 89470
86671 34302 29432 75385
28552 12088 14667 94342
28552 12088 90210 -668
93524 94908 48295 4001
37342 90654 7888 9425
8816 3390 100964 22751
81298 74241 12155 91382
98621 82168 37308 22743
98621 82168 90943 -2370
3064 85749 12427 39066
31645 51055 92313 101876
28864 36940 95946 6882
101374 74413 24573 57093
87340 87127 62332 20997
87340 87127 95725 82807
37131 90061 12318 21891
99409 89453 96650 18653
94155 61944 32043 17096
78179 3995 98416 82678
78179 3995 19727 46944
23820 14790 100778 67208
23820 14790 70036 19403
93670 -1821 34227 83692
98998 99681 44824 10721
98998 99681 4828 43500
49007 12026 11151 72291
49007 12026 14836 45644
31309 55306 99370 12597
31309 55306 90606 103399
3986 76904 49348 11806
37136 22404 -1412 55985
24162 17528 73232 85401
24162 17528 78559 65231
24162 17528 87141 23509
5037 42275 100042 54205
48592 13361 4022 76830
25742 5120 29815 83449
25742 5120 17739 46355
95603 63237 41753 12951
81505 74426 7811 87489
1594 6349 43369 83340
98969 11960 39726 68683
14773 94418 26331 10484
14773 94418 39726 68683
56981 40844 1637 84043
51374 64630 92303 7485
63717 85998 7396 37921
89868 24057 34408 82460
34873 90517 59731 12298
70410 76134 9590 35755
10994 1382 55245 64921
2137 75802 88168 34953
54113 87644 101538 35579
60204 100715 24168 10184
102474 64872 30562 37504
102474 64872 89956 242
88923 85993 29076 44818
88923 85993 13144 92531
24849 57834 95578 58838
6534 94730 49227 10957
41009 27224 87543 80360
80791 38429 5819 11912
80791 38429 102941 36230
-1040 89044 28260 3440
87980 55156 1513 14533
37903 82826 16477 16370
35335 1572 76973 68178
81916 53707 19430 726
60198 100793 59719 17846
37455 1080 32460 78513
91931 44169 25162 73602
-1709 88396 42321 17046
31222 55400 101197 10632
100842 31490 8141 37880
102502 74131 883 63016
5697 72806 84294 49094
18327 23198 94427 1060
18327 23198 93450 8677
89963 102889 80987 29777
96158 59717 12673 39368
96158 59717 41992 101383
93599 88391 58129 18436
47229 10696 48486 100213
46461 77055 99171 19243
46461 77055 42503 12248
46461 77055 12500 38334
13767 95060 47446 -2997
13767 95060 59064 10817
100554 65732 28522 45783
70579 86357 87261 -2903
4923 72402 100560 57573
4923 72402 77760 37498
85702 56796 23406 16534
78416 100824 38639 19231
78416 100824 66618 6576
89238 -1123 29061 48967
91493 95212 90943 -2370
45273 13849 91403 68713
45273 13849 59619 18205
98229 77204 90622 -1512
6892 86458 100805 96074
6892 86458 76911 3220
95116 92938 14862 45366
34576 35712 98751 81551
34576 35712 9104 17094
96634 100069 94479 2558
38236 97013 47717 10848
32383 97877 101002 72471
26283 81014 99909 56257
71900 69709 25195 14671
89045 103379 100268 19499
60928 18349 34816 90229
70123 20067 35348 82650
104128 22598 7985 38304
100349 45678 43323 -646
14370 17796 82157 52894
37641 21218 99368 59104
102849 66079 22679 12154
102849 66079 101125 32205
102531 63060 29361 75561
36217 1070 58456 78724
36217 1070 99694 14474
1700 84566 55663 29853
100208 52649 1564 74959
100208 52649 23951 11215
21537 -700 37662 83639
99659 29021 32972 89721
39293 22049 56936 96738
37975 454 21544 91659
33443 40558 95728 6709
102658 88212 28422 44713
78372 3189 14563 66013
78372 3189 5615 41018
18604 19404 88610 80733
15296 8921 84543 34251
-173 34052 95542 61956
93213 65185 7254 87929
83059 48486 5711 11433
63145 79495 57857 2240
73232 85401 17974 22668
22968 79280 93656 6788
101125 32205 2199 22848
17810 42174 87204 53840
71797 23630 184 7841
71797 23630 44756 11822
31159 51722 102528 87878
31159 51722 38159 19881
28594 83477 51387 4545
28594 83477 762 34927
60953 17861 34290 100477
60953 17861 95822 5992
85257 30651 99638 55377
85257 30651 -258 7126
78325 100017 40557 36178
103522 63332 8555 69848
103522 63332 26839 38210
87815 66714 15176 32666
5521 73474 88007 35064
99034 99607 44068 12276
103293 65840 90445 67786
35523 715 73042 86185
9019 36905 82412 51984
27082 10756 -984 88696
101260 66522 22392 7525
2050 23714 97223 7511
45139 12900 94218 88654
45139 12900 22675 9011
45139 12900 17702 40633
55312 29612 9059 89623
2077 21187 96662 60583
30650 83228 8207 9778
9674 9515 -155 88755
10397 66098 79761 98592
100973 44737 30213 19108
100973 44737 35877 100705
34129 1649 102304 66579
87139 55819 19181 625
54438 89128 94728 4397
20326 -900 63101 87847
22930 76750 94442 59923
25294 11205 47936 86013
58188 1776 56178 89253
53409 76532 24618 5449
44030 13817 99816 67254
26768 75155 46348 86456
24436 14737 102765 65956
-789 7266 77830 38829
35261 100544 40561 16467
10701 1626 61383 59794
1992 85366 49531 13056
58945 11783 11388 70232
100411 31234 17181 43250
86197 15645 40334 68508
4640 23372 104440 29435
96428 8504 18739 2878
96428 8504 -1289 7296
96428 8504 92032 43983
23071 90725 5916 20061
89007 42804 1526 64508
89007 42804 94570 88457
79975 98384 5903 70459
23369 -967 -807 89254
23369 -967 34542 16942
23369 -967 14941 16646
20003 19542 35058 35480
-58 34811 93132 46016
101904 74149 13442 62634
95208 5533 44372 65269
88383 81112 23368 11438
60346 101152 56613 10311
26428 3707 37429 83429
26428 3707 24651 79062
15258 96771 48811 10860
15258 96771 12318 21891
13192 897 9083 75101
47317 12353 48482 100134
25907 14558 71866 69714
92459 68612 23085 15971
92459 68612 99386 29377
56011 97218 58724 11978
10320 67203 81385 75392
10320 67203 2600 21510
74561 52348 7873 18684
-1721 8724 97403 8225
-1721 8724 67182 44707
14110 63057 87866 65266
72798 68426 6334 41598
86036 -2762 96301 83383
86036 -2762 6791 18177
86036 -2762 88332 38215
90392 66379 15087 46630
90392 66379 87785 53835
70065 85321 98047 18850
70065 85321 5735 11208
20781 22288 100923 66851
2443 21937 88964 44832
100922 58110 4995 42089
86188 88269 99248 38166
11192 794 51080 77266
11192 794 99800 57917
94927 90939 18832 87350
86477 51139 33075 98893
18787 88949 95867 57356
18787 88949 2831 75156
27234 35568 94527 93405
27234 35568 3766 19297
85374 81785 86557 -2686
101271 64908 24317 78584
22739 16370 99712 60241
22739 16370 35790 94838
24219 14721 92405 68671
94347 8708 8451 38965
94347 8708 -1598 8632
89201 102955 96982 28391
89201 102955 24215 4263
19478 46200 103002 64458
88998 86417 27497 35901
88998 86417 75450 100805
101507 9687 24706 75244
6883 94454 41912 16757
13354 18463 103479 38874
57412 78666 58130 2280
-1171 9248 101439 22472
-4042 86137 91303 64497
10895 1855 57324 54985
10895 1855 20657 24364
1486 74401 101842 64369
1486 74401 28303 33821
75564 40989 8094 89081
1003 14761 98681 50374
1003 14761 38390 96989
1003 14761 49972 64701
100172 19939 91054 94149
73504 85562 25829 13803
37016 838 41682 83602
9406 35354 74286 84536
85511 14283 54735 97108
85511 14283 99090 56505
65986 76924 -1787 56216
88197 17055 -1668 38907
94220 1735 22675 9011
5992 40102 79971 99830
37622 21738 92028 103272
39770 83530 77172 2355
100393 21749 20806 24436
102055 39770 43242 -364
64376 18413 24066 15092
5615 41018 101116 20959
5615 41018 18619 89206
73454 51037 6115 22344
96592 62783 20987 22482
49435 77406 45747 -2157
87086 87181 67659 19852
78082 3996 20665 49079
30531 32235 45427 101073
30531 32235 80047 77757
-2218 57474 75042 50501
1863 22538 101141 32220
72616 70354 10166 1123
102100 73929 9333 67272
19612 44600 100199 98067
17664 41565 90269 66620
17129 5678 46065 102338
45077 10964 93677 94577
24619 74712 103336 20864
31692 35830 78747 100033
-2867 88210 66628 20945
88146 18522 83934 50666
24508 15740 101245 44897
49953 77782 25832 3976
54095 29121 34617 99941
54095 29121 99700 81064
23907 6362 90368 27681
96940 60841 13678 63267
10783 724 59667 78740
10783 724 37218 31318
9879 67680 90640 65376
2319 21999 98618 50029
88385 -2510 101538 35579
88385 -2510 94446 93536
98751 81551 45836 12868
1678 4332 40428 97323
1678 4332 93675 9872
100047 52760 4947 72631
5662 38138 100128 81435
90156 -38 9793 26182
-78 33775 93562 67764
-1714 37620 89162 44085
38198 20190 87677 80695
7245 10051 50838 77492
674 35216 77760 37498
9083 75101 9646 71168
24852 13307 92375 68739
8636 16961 58537 88530
103134 86171 18441 87577
101261 89466 57764 18385
59998 77805 3823 20367
79853 78009 42503 12248
60795 18042 37613 96670
36487 90580 25839 10987
36487 90580 104564 29453
28986 36849 93370 8808
81634 29899 76369 100316
96532 46386 46138 98513
96532 46386 15087 46630
38324 300 14202 94903
46867 100946 300 34912
46867 100946 -1498 37301
62543 86990 32043 17096
62543 86990 11258 90584
15391 93884 13353 21709
25689 15120 37771 86490
25689 15120 9590 35755
99009 19299 49866 75872
99009 19299 81915 49488
95133 61843 8413 36435
95133 61843 93496 66354
99167 6904 -1805 8787
39501 16671 39288 96833
39501 16671 23413 12077
-1289 7296 88332 38215
-1289 7296 34380 38520
101173 89474 59619 18205
78559 65231 2023 63440
86396 55835 8829 36721
84636 50785 -1498 37301
5009 44231 100622 13124
5009 44231 9588 17062
91956 5736 58663 101370
91956 5736 58456 78724
100296 98066 17570 44621
24672 16206 96146 7869
24802 4307 49554 100517
24802 4307 100521 34988
86992 68697 86480 -2062
40694 19251 35255 100411
-2208 55900 74839 83557
7061 88192 97255 59654
7061 88192 784 83642
97431 5450 35435 90493
97672 3590 29592 78393
97672 3590 99909 56257
60129 2882 15431 66027
81915 49488 19452 89324
27937 35543 99899 31601
27937 35543 -2847 59112
98987 6191 1966 23777
39895 68998 95421 5355
82571 52682 5681 22265
17209 15985 22533 90919
15783 8034 74314 52868
5819 11912 74646 2087
86877 68194 34864 1572
77424 38253 7736 19355
46779 101075 2149 32189
97508 35274 42238 100928
94093 9618 13801 19856
39304 97317 25290 4459
41619 12025 98416 82678
20201 91415 91303 64497
12427 39066 101321 66052
6480 19327 103806 38833
80987 29777 66618 6576
96363 59852 8355 36530
82843 45763 10250 68614
82843 45763 530 81327
61858 59515 714 7484
48211 5492 95295 63592
59592 2426 26702 75590
12769 41804 94142 8572
12769 41804 2663 23101
-2623 88618 61516 12388
29432 75385 2258 6728
81791 77952 1807 13448
50389 100295 7267 8966
96939 35504 54191 96097
96939 35504 60009 87101
17367 44427 96494 6525
57060 88394 39656 19823
81652 45479 23273 6928
-3671 87071 83506 44884
37376 18122 102149 65795
102149 65795 5513 40752
102575 64475 28426 45843
47775 99879 62162 17710
530 81327 80231 97867
530 81327 27625 11078
98702 98802 51044 29175
98702 98802 4609 19629
98702 98802 39278 17113
56764 40402 6175 93328
99065 81672 27977 33159
21196 91127 45296 11623
57485 59904 92562 -688
58979 100972 85309 14099
99542 57165 26301 80971
99542 57165 97421 82966
101979 88509 42685 38477
101979 88509 18252 6200
2961 22782 85130 33591
5274 93309 75698 40788
41335 22186 14058 93861
5679 42210 86546 55573
90625 26938 18508 21966
14791 49492 96616 6284
6791 18177 97268 62988
8648 39412 90210 -668
8648 39412 27079 39757
8648 39412 94825 61346
86836 14956 26906 82981
86836 14956 30562 37504
27081 10990 10403 90510
30527 16748 94370 94301
63714 20373 58321 100230
63714 20373 90027 68040
12758 94268 101305 63423
22317 18957 10630 90130
22317 18957 10973 22440
56152 88748 58718 12382
56152 88748 60143 78461
46599 98762 86861 41173
46599 98762 62162 17710
6238 93851 55447 29411
6238 93851 83015 49606
67025 48537 411 6655
-984 88696 10403 90510
34706 82140 83618 30765
87974 42181 23238 77595
90556 393 1390 17141
90556 393 4957 20445
23951 11215 64760 79067
23951 11215 75819 41636
39288 96833 25617 14627
102951 38990 24427 16021
102951 38990 14052 16463
92841 57352 -70 83256
102856 63010 22530 76603
17262 42926 98698 38036
101409 89825 54658 10850
101409 89825 12391 41674
84085 51431 10082 23731
84085 51431 16548 15524
14085 64125 88409 42823
-1010 88680 27625 11078
102086 26353 54087 88083
102086 26353 18445 40724
96321 7445 21000 25117
34658 1904 91188 61225
92966 94243 60010 17978
92966 94243 14047 94119
97421 82966 -538 9439
48536 11128 21041 91150
99802 81426 12500 38334
95908 4911 29676 78330
2663 23101 91380 26884
4959 41717 36032 639
4959 41717 95739 91618
4234 13205 30839 83064
87138 51600 19203 89223
22944 91233 8574 9397
22944 91233 46576 -2217
44777 102079 44174 11102
96669 5503 13691 65902
3982 76825 49436 13463
37761 97029 57689 10507
6720 20875 98761 6329
80694 34740 7850 89379
80694 34740 99848 98509
22574 14510 93675 9872
22574 14510 103946 86850
102836 37933 26839 38210
98906 80772 31331 52060
101225 11363 30622 40052
57244 97217 45376 -3100
57244 97217 61236 79055
-2591 57828 82883 43056
73355 47875 8199 88753
18656 89976 98631 35795
89314 -698 27482 40049
103890 39187 4719 11876
103890 39187 95790 62852
103890 39187 91396 26899
7004 18949 34102 3664
31482 78021 57988 11412
65878 79354 466 5188
65878 79354 -538 9439
23278 15385 88388 80924
24038 10823 62925 87289
5854 37851 96089 87466
9596 25735 94293 9338
90306 84223 50 81977
10048 90226 34542 16942
10048 90226 58290 100956
7241 86261 93475 100200
7241 86261 23189 11263
98649 52184 34297 84725
91594 26152 -1830 38474
91594 26152 30684 39592
91594 26152 28209 34098
56423 97604 50062 3872
37737 17043 94570 88457
13485 19267 100741 21995
103483 86017 11099 90821
3049 85265 27342 15178
18861 2787 93852 10430
63102 18523 28036 82811
98074 39157 30351 19374
15233 47239 87327 53599
81518 77760 7541 17474
81518 77760 18125 21389
90005 -803 12966 42250
23028 18778 93653 9669
23028 18778 82740 41809
29043 34042 92176 67751
34049 77924 4081 13449
64738 78864 24405 15483
89137 -726 31197 40628
22920 -296 8620 75158
22920 -296 24618 5449
93496 66354 1312 63386
26561 13285 58140 96437
17173 43746 23388 13146
90820 66750 6105 38837
96490 11004 91773 88745
74831 50183 2201 64156
2612 32250 37068 99792
36411 83057 47804 11513
78747 100033 80609 35608
2481 75781 80950 35388
24541 14431 61873 100956
1225 6620 51125 77656
1225 6620 -3121 88265
101318 89754 56567 12334
8134 38376 8551 68718
10510 684 65400 79569
5268 72003 93308 65944
47789 11341 36719 86670
46730 12309 60816 101057
46730 12309 17118 41158
28938 32276 78878 100203
90283 201 7124 21167
19647 45408 99462 81089
14597 48811 100688 20588
80374 99113 -2472 55159
58313 11363 24651 79062
91859 43788 26667 81608
6021 73445 77505 35677
6021 73445 87489 81080
26847 36925 102651 64900
14962 95892 55031 29314
41179 83094 47577 11511
41179 83094 47940 85825
59221 96141 3860 19494
99778 14347 22736 18555
18239 44537 78197 4212
18239 44537 91396 26899
90859 103344 62165 20225
14131 65412 87444 15793
92360 6922 50183 76462
103380 23619 23696 16866
76432 2083 55309 89239
81015 76636 18104 41088
100199 98067 -1337 56230
102009 65327 40320 27940
3823 20367 3275 76570
28207 83596 59520 2045
10319 90386 28838 13573
98317 9040 91686 88838
57212 96478 46059 12425
18396 2125 103632 24321
18396 2125 87695 80570
19947 18472 92405 68671
26981 35325 99848 98509
86590 53168 4755 92720
86590 53168 27471 12628
1867 5993 37628 90818
29109 12514 2965 85392
45836 12868 61887 87191
88050 -1673 54010 60516
64094 86108 -520 35619
28935 32814 94446 93536
26760 5528 8437 74880
5423 71108 90050 84741
9770 22965 90645 67506
99892 54467 8187 36786
81385 75392 34487 72524
92405 68671 14300 63806
60178 100700 24711 10505
28797 34915 97357 49414
4241 92421 97389 59452
4241 92421 13144 92531
14371 9118 103977 30113
14371 9118 95517 63926
15389 8235 82598 48638
15389 8235 4700 12607
52361 40167 98640 98278
8766 71117 99102 36693
72386 86008 49302 4425
72386 86008 103977 30113
72386 86008 34182 86775
3448 21895 74902 52208
13909 95640 77130 34620
91664 103727 45261 12182
100150 58002 13525 63402
62512 100625 11109 21388
10877 1599 57685 60360
1738 14859 83248 48323
94880 5559 51251 64722
48602 86530 11310 353
94790 10095 -855 9837
102177 43610 4935 42779
100283 67836 34225 1589
39284 97021 25706 10680
34063 81358 97107 47202
24643 71565 102838 86934
24643 71565 5700 77429
50965 76985 4588 20715
87526 87246 58418 18491
87526 87246 85717 57280
87526 87246 47413 10606
97018 4855 43322 51830
12981 38102 8391 17034
83934 50666 13255 39799
87261 -2903 89456 68525
24458 14773 87373 67566
5094 44608 98838 5199
5094 44608 39408 16473
83022 47137 6477 39771
88585 77467 19134 87991
50 81977 27621 13082
100380 57682 8705 70117
22602 77606 101336 41951
74632 85596 2148 13084
58921 78162 26445 12859
58921 78162 33241 99050
17124 42661 101597 43615
5565 23175 85006 33573
20657 24364 103525 23262
25589 5364 33025 78309
87694 51631 7517 88574
87694 51631 28281 13543
5113 24326 94506 9405
5113 24326 7030 21165
24166 4923 62918 87570
2520 72786 80136 98274
12816 -160 16972 97296
12816 -160 42238 100928
79943 35286 23621 77923
58160 89037 16553 6312
4426 20772 54370 75802
89027 80593 9847 22342
99519 90197 94342 3028
62910 98698 2768 61846
1049 5579 34467 39052
57625 97280 24832 10668
98376 99338 57901 17915
100961 66335 96252 7945
5068 90612 80015 97425
2454 32431 40391 95985
78162 67158 10364 22982
94826 10152 -1598 8632
94826 10152 24367 3947
37429 83429 60098 100639
88842 87313 30790 17081
88842 87313 56367 96090
75819 41636 2726 75484
-2847 59112 88253 16093
-2847 59112 8261 37032
18047 20432 100301 59142
27244 12626 42147 83041
9130 25074 104074 23228
27126 14736 7587 94550
18555 422 100277 60094
18555 422 42321 17046
37631 90882 1811 4639
70108 19895 35656 86263
100583 10173 44116 65048
98634 6090 9389 25890
98634 6090 82965 51006
36668 23 48989 100721
36668 23 3110 5997
103977 30113 11169 91452
101088 56554 1522 74773
92028 -1191 68717 70464
7517 88574 14440 48446
71954 19800 -3121 88265
-1225 54407 -592 6321
-1225 54407 102184 45095
48236 26504 88011 86865
32815 90144 102946 20129
89456 68525 34741 1556
67132 46107 -1841 57683
41912 16757 92714 60292
83884 49523 14300 63806
83884 49523 90622 -1512
1873 72664 93730 100847
1873 72664 100818 14446
1873 72664 35712 95572
949 63828 101115 57075
42063 12725 89107 67993
51297 29418 93381 93698
51297 29418 55309 89239
69715 77096 24168 15567
26399 4140 38029 74336
104401 28612 5459 40653
104401 28612 57113 78480
100255 10199 50995 64501
95725 82807 98125 9327
99638 55377 96940 63029
94828 2361 89304 104195
94828 2361 28759 12274
10166 34802 58323 96131
36355 101054 17591 5739
-756 7651 91542 27620
49927 99240 63729 5840
27874 33451 101217 75539
27874 33451 46735 76022
63940 19040 6306 10058
-297 35177 59419 95394
72344 70064 15877 7215
30709 39958 92783 43438
1983 21689 98634 50044
1983 21689 14817 46965
4421 90490 93609 99998
22889 13422 98430 39441
35008 73367 89839 24490
99965 55335 6663 18542
87674 87605 55312 10956
87674 87605 43553 -1515
90360 -929 5498 44900
47962 86029 24751 10883
20778 -374 53592 76809
7785 95311 22960 -1255
7785 95311 92855 -932
47863 99870 60307 17890
81390 77522 10211 22488
34438 100836 57847 10326
73898 47962 -3213 86924
11598 91822 93006 65000
58228 96372 24715 14649
84351 34598 19314 1636
84351 34598 100796 9995
16595 31258 58017 96299
50178 99702 11697 21432
-2036 87839 49184 28749
62469 5173 98158 99945
27311 75804 46801 -2080
80609 35608 9646 71168
23010 7273 87175 38216
1204 6652 95695 4670
2146 24024 95198 1020
2146 24024 41571 16773
34542 16942 20806 24436
26413 3535 37737 87042
26413 3535 101042 11411
7977 94964 18942 6029
7977 94964 43912 101769
3177 76442 66340 21506
1065 64259 98678 48017
22832 21266 57861 88325
44000 13377 11310 353
88081 55548 -592 6321
88081 55548 98820 37794
88081 55548 99289 55130
51432 26335 20903 90426
102100 44740 6561 19046
59042 95285 7619 37478
59042 95285 100351 80264
19890 49278 94353 -182
41583 13130 36387 95910
57721 101128 76317 1517
65715 78618 3886 20637
5725 94268 66219 20657
102778 27312 39545 67952
102778 27312 -993 57332
32413 98317 100369 63230
11773 22109 48580 85494
101355 45036 22208 12835
88948 44817 2779 22247
29508 78016 99455 11515
29508 78016 80697 77912
29508 78016 1513 14533
29508 78016 8880 90518
18065 20389 99934 60050
61029 100392 42271 26270
2032 85371 48687 12954
14283 37456 62361 99860
14283 37456 94450 -183
93562 67764 102310 44587
103974 28241 14440 48446
103974 28241 58418 18491
74445 85233 6068 20715
50434 77046 24760 5424
100440 15051 8841 3757
94430 87990 40681 26860
59068 1385 37696 97463
37514 74472 37214 1273
88934 77312 11791 91236
24049 4439 87392 68058
-163 8685 79074 5919
795 6582 60143 78461
795 6582 90943 -2370
22998 5856 87442 67990
23870 17305 99724 14406
56731 97248 43604 11332
56731 97248 -1890 8409
89141 77498 7448 87342
27621 13082 35877 100705
87793 35272 7913 8937
12296 40850 104076 28602
89588 85951 15125 45698
2204 84701 45073 27017
92663 44404 9783 68678
100951 14830 -1890 8409
100521 34988 75469 100073
75863 2632 67254 77712
86856 55184 25115 13953
86856 55184 23413 12077
87856 18295 5483 12870
46884 85926 47393 13029
46801 -2080 37206 23035
46801 -2080 47940 85825
100598 95889 11236 90351
98188 46663 11351 92695
48050 -1261 1079 58595
48050 -1261 23955 17682
41682 83602 11169 91452
41682 83602 89194 103451
94037 94043 37526 22177
5685 22644 17505 6413
8507 36159 93154 67650
38556 82666 102672 20486
7409 87034 89955 83982
7409 87034 32718 98524
98032 11074 59401 87277
55335 96387 85482 14318
99772 9501 61149 79149
54246 75784 7030 21165
88410 45011 14072 18171
57172 96473 46903 12527
24886 13692 91653 60664
39176 82496 89641 24056
51412 76331 4231 20437
51412 76331 2828 5698
88008 79905 31251 36788
22108 13848 103456 23763
84289 50540 5787 42449
88610 80733 10191 68445
89952 67896 24335 14758
94190 61954 28209 34098
94190 61954 96195 8294
49710 75508 102294 26952
5316 92927 74813 48825
80697 77912 24776 14281
5704 40198 99248 38166
5704 40198 10603 68795
24088 10163 61894 101159
88007 35064 12402 72873
99934 60050 57277 11031
103678 29401 98297 82628
10629 22879 72594 69318
39915 16496 48834 99937
-1598 8632 37771 86490
101282 9551 29421 78109
2023 63440 83665 30407
94236 61813 27248 37072
46981 99090 78831 34278
94582 88199 37500 22456
94582 88199 26285 79102
46138 98513 83506 44884
97195 62119 8315 36422
100330 66115 33224 37729
104026 27459 13341 64857
44083 102554 40704 83110
19476 -460 80949 78614
34548 69920 99488 96862
34548 69920 27248 37072
8542 36543 92431 59576
8542 36543 102745 12872
59001 78223 24767 11576
59001 78223 28522 45783
46892 76386 99150 19275
71699 85941 63729 5840
2338 85036 42262 19983
2338 85036 99699 58314
101601 12570 22738 14702
63670 86993 8391 17034
103039 38925 22581 17385
5508 72056 88275 64838
5508 72056 58717 95275
84296 52025 5652 11264
89640 85169 14026 62109
87074 -2046 74509 68350
87074 -2046 6933 88557
17559 15830 15190 94164
54354 89191 96492 3076
54354 89191 82568 53208
104027 29647 13328 18903
104027 29647 103418 26622
59458 12654 40613 83039
42736 100652 87045 41083
17185 40057 100315 98284
1218 63663 95475 60546
1218 63663 54566 76531
13353 786 5700 77429
27215 10789 7583 94738
27215 10789 94040 8211
11855 135 37153 91097
39639 68777 100796 9995
39639 68777 46312 76983
23752 7193 93619 10221
12486 92592 74342 48829
12486 92592 102184 45095
67182 44707 -2893 87079
76100 2548 62277 79480
97990 6609 8413 36435
41676 22170 6894 94196
32718 98524 93975 58886
92630 101650 24989 55796
10358 69093 80575 35706
95205 62712 91403 68713
38712 82243 99386 29377
38712 82243 3275 76570
7676 20922 78700 5337
52710 39970 91310 102404
83665 30407 33733 89655
83665 30407 22738 14702
8292 90094 5960 75012
100772 58372 8145 36600
51781 26180 13561 93671
51781 26180 14616 8663
73980 84704 15835 31810
37206 23035 100772 76035
96572 85214 -4293 85150
2805 21178 88404 67261
9332 23556 99838 55097
87349 41326 99374 59237
87349 41326 101245 12287
82965 51006 -2595 57450
78564 100081 35537 34830
14692 96717 60692 12002
14692 96717 21443 22864
91950 -1946 70355 86312
91950 -1946 24506 13706
89781 23393 36233 96415
89781 23393 38814 1654
24367 3947 80716 78404
8705 70117 -1412 55985
90622 -1512 97319 47443
90622 -1512 71866 69714
36032 639 62353 87774
90320 102675 73491 34285
37787 86974 25362 4952
37841 31102 87694 80176
95423 87120 19839 45121
14052 16463 88827 80873
14359 63975 44760 40378
14359 63975 100870 40914
15604 93951 8870 20300
15604 93951 25839 10987
46722 10673 59130 100692
16523 16012 36931 90341
55041 55057 297 6494
101852 74931 28260 3440
92966 102192 17919 44424
736 84024 75914 41230
91141 94681 98343 8762
3252 13509 51458 76660
3252 13509 1187 84983
2018 84611 95542 61956
-3201 56980 95686 60865
44910 14291 99022 59434
88303 81051 25046 12721
88303 81051 34123 84227
50516 99788 4609 19629
84350 30379 19336 90234
60622 100460 15395 15531
103400 24111 23286 6532
30635 17976 92100 68516
317 54477 64054 85210
30272 18418 99719 59237
2982 22257 77650 38115
2373 21389 99727 60725
34094 3372 103038 30387
8701 35572 89082 79963
9265 9227 8437 94812
38161 86905 17505 6413
38161 86905 55447 29411
20232 90688 65528 20827
91683 60597 24253 15105
27079 39757 97791 5430
21450 -1364 39487 97594
58508 10786 20566 91167
13645 95169 82681 44499
12964 94462 96974 59355
101348 45317 22335 6935
101348 45317 87489 81080
101680 64480 4869 72073
74314 52868 27322 13926
74314 52868 19203 89223
45126 102611 36852 -67
91554 25254 -993 57332
-431 82210 100418 79336
30553 38788 102660 37906
102324 19670 45863 99786
80789 35499 5864 73453
80789 35499 12322 40410
56442 3005 92846 63435
13718 63375 96108 58574
34182 86775 101056 9138
103418 26622 26116 82426
95398 3588 77334 78422
96924 6781 8328 39057
18104 41088 92847 67819
93455 63649 43651 -1501
100916 19622 75450 100805
19003 39988 62137 99739
94646 9438 2173 23623
95635 61365 23656 4758
95635 61365 100000 14155
4457 19230 46669 101692
87489 81080 42140 12102
99268 18834 44414 85650
19801 749 74123 53215
91274 56619 32846 98632
6570 94656 48471 12512
2302 24087 88185 79932
2359 6542 27315 79292
14817 46965 96056 59355
13461 37452 79615 99956
28558 46155 99800 57917
19336 90234 100296 31018
11809 493 38125 83582
86538 33996 36387 95910
81080 38657 -258 7126
56544 78651 76373 2588
101993 11590 14501 35291
49740 26043 56438 96548
57435 1925 71999 86127
43 8183 75947 44841
96301 83383 100169 32654
60324 2661 11323 70666
25312 14385 45676 101923
49539 100033 25128 14475
91674 93979 87141 23509
47875 10667 34913 100820
47875 10667 50062 3872
24573 57093 13586 95001
63747 85863 6765 40767
901 16472 100818 14446
2397 75077 82727 50167
43901 -2673 88217 88254
100169 32654 22265 13425
81173 41077 33327 99372
7401 40151 50383 98810
46888 86005 47305 11373
319 5471 54566 76531
1027 64784 99471 36995
36715 86591 47877 12998
36715 86591 46059 12425
49711 26078 57038 95827
100734 64453 24743 72636
100734 64453 38125 83582
84080 49302 10191 68445
98343 37277 24717 58861
103548 64930 46844 10836
94712 87582 34768 35425
104201 23467 6461 20059
48095 77674 64853 6234
43419 -2440 98330 83367
43419 -2440 76973 68178
34864 1572 98710 51998
-86 7084 78659 67915
10603 68795 75444 41955
99987 57357 24639 57905
28260 3440 16306 96779
78373 67752 5934 10515
40386 27440 100621 75825
46777 28200 48508 99379
37544 17330 98610 82426
56367 96090 63807 20570
-342 36736 99097 5573
72608 86342 44644 -2582
2828 5698 17448 97017
63565 87790 10597 293
13144 92531 93194 99901
13144 92531 73594 51071
93677 94577 62361 99860
97903 4445 24738 60424
6825 87558 102219 72963
74935 52931 34 6446
92585 57869 5303 72388
99068 36792 9478 69041
8937 36961 84139 50801
83311 47376 57174 40691
-538 9439 88143 18458
31478 55621 95822 5992
102799 65951 23724 14850
25205 15152 47940 85825
25205 15152 93006 46619
8199 88753 2596 74385
13497 65221 100741 19807
47908 5358 101648 66403
32975 88441 46065 102338
63807 20570 78336 66402
26610 14040 42178 82973
26610 14040 100389 54450
58718 12382 4995 42089
72842 66021 5410 92108
72842 66021 28303 33821
28 6445 75065 52944
28 6445 33261 36188
23208 12409 4796 23737
52844 76736 36484 1165
52844 76736 54055 76753
30829 17389 88028 80829
38730 83105 99016 11273
103343 21584 24479 59608
99739 30701 31292 54444
23525 5785 98399 39804
23525 5785 100266 13250
12453 41214 100790 20950
-575 56481 82787 43120
-575 56481 99022 59434
83015 49606 -3647 86846
63024 6058 86495 81368
24681 58091 99107 53452
2600 21510 92714 60292
71667 20360 2923 76497
9436 66980 99948 80062
9436 66980 96108 58574
5620 42292 87785 53835
5620 42292 10403 90510
25756 13202 60128 100571
2148 74977 87950 52278
45831 13409 79694 77954
2831 75156 73610 48522
74286 68304 15606 96495
59064 10817 8880 90518
20987 22482 24066 15092
82568 53208 5735 11208
3206 20767 72947 69418
67491 19079 90606 103399
99332 59222 30712 37773
5459 40653 103336 20864
2726 75484 86516 55709
22590 16101 102853 65891
22590 16101 97557 50401
67142 19276 54658 10850
44686 11191 89839 24490
18163 20864 97864 50083
8897 70090 96338 58254
8897 70090 89956 242
8897 70090 34290 100477
101853 75597 14508 32243
103265 26867 29326 77285
103265 26867 44756 11822
61869 101144 24630 10484
95695 4670 34131 83383
95695 4670 2965 85392
37670 96958 59598 11991
37670 96958 94370 94301
23726 7594 94170 1803
30541 18252 94079 62709
33025 78309 22310 12331
24061 15922 71954 69649
24061 15922 81602 45547
93165 6239 33281 90806
27808 33951 102605 65041
8328 39057 103863 63112
46729 -2461 28816 83810
102745 12872 -1290 8354
31391 77950 59897 12896
14937 32614 92847 67819
14937 32614 26435 14907
63818 17987 12987 94061
100389 54450 -2248 37127
100389 54450 94636 59347
100317 22531 22385 8020
4850 12679 101152 22309
14767 94699 26458 4584
88217 88254 9891 70871
61908 46554 5931 93035
86837 34901 30108 76902
26180 74732 70559 20444
24003 3800 88353 81476
8732 90159 62170 18352
60198 100996 24295 4284
83461 52247 23187 6605
73091 70075 179 6981
24479 59608 70355 86312
92703 -2095 54534 89438
17885 6581 30189 83380
-714 8929 90656 784
1909 21444 100191 55197
88262 36884 174 35246
60009 87101 85260 14760
96447 63140 24026 14984
96447 63140 6228 38853
94025 94300 37763 16765
94025 94300 94354 62931
100517 57093 13508 63446
4107 91495 100202 78894
8727 95040 3187 4441
8727 95040 26972 12488
13066 39049 87915 66410
30200 20653 101245 12287
11151 72291 32092 16435
92774 58279 1346 63771
15092 31719 89589 86616
19653 46698 99346 53995
18071 49345 89762 -1141
88459 43966 13040 40118
-2595 57450 9793 26182
14202 94903 20566 91167
50060 76554 94937 4995
18832 87350 37613 96670
23117 14831 93649 9857
86443 68351 43985 -1725
91398 6472 70382 85911
37664 90875 1124 4788
3309 5290 6178 77214
643 6554 62160 50672
92783 43438 7274 88964
5727 21079 81604 77589
83835 52177 15330 8067
100043 89644 83353 14639
71204 19527 60128 100571
100266 13250 12478 41581
98114 46549 12910 95072
26785 14752 14751 94215
66213 77287 97708 11550
11710 70547 52191 5161
26217 80202 101296 73313
40018 68906 92844 7282
1390 74461 103863 63112
74232 85166 10551 22124
28780 37003 97710 5561
37442 23669 95808 62726
10797 90736 86255 -3327
12634 39260 96989 61984
1187 84983 66435 21099
41571 16773 14047 94119
81113 38650 -945 7275
38305 97678 37659 21175
16306 96779 26800 10692
99628 60368 24506 13706
97557 50401 24605 14181
9803 71160 77325 35786
522 6542 65876 79290
7227 94454 35712 95572
100191 55197 61310 99984
48934 85595 4349 19996
48934 85595 95475 60546
48520 5266 88800 68348
32026 78670 46576 -2217
32026 78670 75450 100805
32026 78670 97319 47443
2880 12566 59268 96471
26800 10692 12718 37769
5960 75012 78782 2761
18057 6776 26568 79281
58063 59754 2937 14315
9219 36212 78216 66528
49348 11806 6110 43088
991 4481 40461 97316
41261 22073 15617 96237
98158 99945 -1412 55985
50157 76863 92911 -1496
77501 37123 6110 43088
8580 94319 6271 19581
48694 99469 42859 26314
12563 41958 98482 5325
76369 100316 2042 32955
10597 293 94427 1060
46413 86022 57277 11031
46413 86022 34269 86681
41547 12758 99934 67304
69627 77161 26014 14203
102871 22588 34380 38520
102871 22588 82109 41270
102871 22588 101465 76389
29031 32374 92437 102766
82352 50485 10274 68389
2037 21079 97494 62850
99802 59944 20835 22617
93469 65833 1885 74331
97349 60412 5076 72267
87983 17787 2825 23534
99374 59237 37508 18434
83185 47978 3054 22097
94442 59923 24751 10883
22439 11966 96522 63284
19628 46469 51558 77052
97639 82360 57936 18723
77808 36470 -338 56798
98468 19165 61212 78689
98468 19165 101070 9310
79771 35091 27242 82022
9697 90093 41911 19742
9697 90093 88786 23218
86229 -3049 92261 89414
1846 15338 80980 38266
29381 13661 -1093 88557
94002 259 27259 40004
43553 -1515 95517 63926
61169 100860 39327 16452
24965 14992 91649 60602
47002 77130 96842 3650
93074 -1552 46751 78045
2702 65625 64308 19341
52122 26164 6397 94006
52122 26164 10551 22124
89955 83982 24168 10184
4959 13423 98844 6684
36816 100902 7913 8937
36816 100902 24796 13658
58537 88530 34474 36004
95475 2484 75710 101621
98792 48399 -1337 56230
25126 79046 48341 11704
3860 19494 104074 23228
30269 19698 99788 32355
24317 78584 65333 21404
24317 78584 52405 4953
24317 78584 80949 78614
99229 11103 34269 86681
78276 64063 7965 87982
4834 19965 38764 86259
102955 39052 83506 44884
77694 36088 2064 64827
8521 16395 60949 100419
98156 37836 28636 47112
24638 73980 102941 36230
10630 90130 49554 100517
61236 79055 97945 11466
61236 79055 78074 101232
103863 63112 93194 99901
20665 49079 28636 47112
34347 100765 59756 11810
104564 29453 2036 22979
18252 6200 22483 91385
24257 11620 69711 77284
98656 39061 18125 21389
41497 16660 15606 96495
102755 38065 28540 35455
99773 98084 28559 44243
15412 96747 45572 11356
98645 9403 84799 81209
100267 22598 23436 6604
100267 22598 42262 19983
8304 17426 65505 78771
46115 101872 16086 15463
16401 96294 24806 20886
14616 33242 99586 54635
57201 10355 59598 11991
10403 90510 18125 21389
17048 40527 103200 88412
13672 95323 82109 41270
101103 11349 33187 40337
88786 23218 57127 100094
59401 87277 85482 14318
7030 21165 7873 18684
87866 67455 14098 17102
87866 67455 95327 59176
94341 60109 25047 72843
21037 91072 3070 85468
60148 101063 25346 2868
63896 86855 3637 19936
98192 7183 18655 2941
21110 91816 47096 -2843
86552 57058 5545 11025
30189 83380 77505 35677
93692 93176 44760 40378
1346 63771 13691 65902
5664 73659 85001 31169
17118 41158 101729 75172
42474 26454 56784 96528
3766 19297 61176 100281
15105 97103 52029 3896
98710 51998 33017 88627
10373 90873 28540 35455
66432 44434 12863 92802
35790 94838 99090 56505
56576 97272 46844 10836
56576 97272 77325 35786
91194 103822 55144 10184
79072 101112 24853 13176
28759 12274 10323 90448
24853 13176 46669 101692
17043 42942 103303 37708
18570 2564 99976 15108
99194 55616 22853 12652
80015 97425 9588 17062
65778 78963 2570 13400
13513 17448 100151 60190
1148 5297 51558 77052
1148 5297 88964 44832
102625 21172 39552 68245
29511 75830 99389 57410
44623 102103 47413 10606
85462 33799 58972 100034
56191 3127 98119 60872
34818 933 87838 81612
49972 64701 1223 5886
73683 85199 22078 21415
61376 87282 56564 10971
62162 17710 58321 100230
22040 91030 27569 13656
17702 40633 89465 86192
98257 82623 44947 13187
40403 16649 38584 96736
86468 56704 7306 18476
97587 50334 83346 48650
76911 3220 45244 65379
5988 38800 93274 67525
51269 76824 7225 10083
88241 66419 6228 38853
88241 66419 54182 88908
91653 60664 2400 75456
7274 88964 72594 69318
98653 28702 54109 96421
24653 60047 99687 12371
24653 60047 18739 2878
-1118 8637 99134 6912
4339 92434 95327 59176
94591 -207 14887 49801
21077 91076 47780 12683
21077 91076 102310 44587
60121 13032 26677 75085
102159 75428 8079 35788
35182 1079 80201 78541
28485 48391 78197 4212
14111 18520 87598 37681
11489 90594 95276 90785
14941 16646 70155 77044
57575 97152 25877 13364
97136 17986 89194 103451
87543 80360 -2662 86977
20167 45484 88536 79491
96462 99786 98090 8518
96471 2707 54811 96940
88822 86390 31212 36479
39656 19823 103489 27004
28124 36720 1223 5886
3070 85468 26889 10910
79971 99830 58951 78095
100692 22461 14527 9482
-1606 37061 86893 55819
62783 18169 34728 90238
24757 13584 94354 62931
58163 60146 833 6102
2787 20376 81744 77622
-2769 88338 64569 18260
10311 72556 179 6981
14913 49400 94040 8211
7860 19994 36818 100376
9590 35755 25832 3976
2327 22791 91396 26899
100163 32935 22392 7525
102660 37906 57277 11031
97812 35516 35851 95838
97812 35516 82598 48638
59980 101400 64287 5104
27089 75471 51459 4926
88982 -2779 34450 83738
93276 44924 15395 15531
82982 47844 33241 99050
99788 32355 42321 17046
48989 100721 6271 19581
45820 10647 78074 101232
45820 10647 97945 11466
102853 65891 97589 100117
15115 8386 88360 45477
15115 8386 1637 84043
15115 8386 102160 65143
5291 12653 8627 94649
55624 64316 3053 14097
87009 15151 23284 78882
101342 22146 876 16105
5905 42008 95019 164
94927 61708 12732 39273
103489 27004 92028 103272
92739 -715 53786 60470
93154 67650 62353 87774
-1412 55985 100350 53552
35631 95854 102418 35188
35631 95854 37379 83004
91975 46924 24239 15756
89194 -2538 29996 78685
13725 38193 74080 84400
10044 34640 60877 99550
10044 34640 100772 76035
21502 22781 85792 56499
27322 13926 42144 82979
95897 83091 94514 3366
95897 83091 81091 36292
77760 37498 72931 69404
77760 37498 63533 79376
5178 44545 73042 86185
32863 16389 45316 101828
10079 1943 74456 53145
45427 101073 35601 1470
50650 77935 11212 762
100712 41096 35712 95572
65058 5058 43783 102367
778 83641 75029 49268
89956 242 33281 90806
59155 2049 35871 83508
84414 68367 86602 -2047
96774 57628 -258 83243
-849 8834 79106 5912
18726 243 96699 63842
13801 19856 19452 89324
82695 52700 3077 21872
82695 52700 7913 8937
42271 26270 94527 93405
18732 20553 85924 56605
3542 21076 72931 69404
103605 87069 8551 68718
2042 32955 49043 84978
8660 3026 104249 30403
19057 88615 68717 70464
101870 66736 43250 -1648
93450 8677 27285 39603
102304 62647 34123 84227
24489 13749 99994 59460
84055 31142 89895 86448
18191 48500 87251 16598
98820 37794 14686 47992
71761 19954 934 85037
20676 23632 103130 38628
38538 86398 9588 17062
-1716 88264 42455 19829
13705 17421 96109 60762
96119 87331 5223 40697
4647 93279 88859 41434
52405 4953 7216 74908
14970 46593 33241 99050
14607 47035 100465 57875
31416 78455 59368 2290
31416 78455 99317 79641
27625 11078 1551 63439
22656 15601 101465 76389
38814 1654 3916 66467
38814 1654 85006 33573
58951 78095 25812 14272
66547 48751 10455 2152
27242 82022 466 5188
12647 41895 96718 6646
58717 95275 14456 37675
9442 2643 87821 38437
4090 20462 54386 75817
4090 20462 7306 18476
72721 69557 7960 17864
99934 67304 93889 63492
92211 67762 28303 33821
96410 61105 24809 57726
62005 87242 11258 90584
100434 75736 44305 29325
12402 72873 22740 -187
99549 98468 33261 36188
-3213 86924 88964 44832
99220 55631 22310 12331
11837 91875 87974 63894
57761 11000 36244 86686
14697 94274 27919 13501
8354 94457 33241 99050
23388 13146 87966 45250
11169 91452 28540 35455
17161 96853 8849 9130
12811 94597 100184 56516
109 83993 89075 41877
14686 47992 22310 12331
64367 5125 58290 100956
14547 96437 63744 17874
44495 65178 92631 7459
44495 65178 44457 -1725
102941 36230 64853 6234
101339 31473 -2294 38221
16390 15706 39728 96781
62687 99869 7445 37260
52661 4436 1843 85776
100128 67052 37472 18062
13735 94321 48129 12528
86962 55261 22894 12348
86962 55261 103833 28264
25128 14475 99008 60145
3187 4441 24743 72636
99793 14831 22410 8387
978 82468 70820 73910
62426 19000 3363 76561
99540 18973 38705 82738
59478 100416 39408 16473
88706 23196 58817 100539
59667 78740 77538 67974
62432 6714 98939 67592
9304 25513 100418 14015
27542 11782 35881 100767
37525 18391 99008 60145
90493 48 2706 24379
102134 88593 39424 36722
102134 88593 -445 35497
95739 91618 1777 73103
101179 20363 69916 85249
34467 39052 101042 11411
-427 36359 1124 4788
56692 1834 87608 88039
9104 17094 48707 85733
37539 30461 94036 93648
6734 10915 61572 59352
28548 34171 102570 65031
28864 48520 93375 8253
44756 11822 100413 76569
38 33812 91109 66989
78662 67980 -143 5729
23621 77923 42321 17046
46064 98268 98089 51539
78767 100957 31270 16431
15412 8011 82108 53360
24023 5508 87936 45614
12331 39126 103342 64795
33806 81898 102505 35853
37812 21039 95790 62852
89906 708 15041 10518
93022 46633 2250 21852
70566 77358 6306 10058
23286 6532 44203 64955
77399 2357 35002 83493
7678 94252 25221 20984
36359 34835 61310 99984
32282 100100 103124 25781
1124 4788 94036 93648
27471 12628 37379 83004
44457 -1725 76538 68334
24261 10381 58250 96575
14751 94215 15395 15531
46830 76846 100453 9611
81091 36292 -494 56806
45244 65379 33075 98893
34625 72789 99207 98937
21038 -840 48139 86587
22094 90970 26435 14907
98297 82628 44103 13085
14667 94342 74839 83557
92746 57758 1919 74716
22410 8387 84592 33785
9481 9669 3899 85527
-258 83243 64460 5322
101130 43841 26920 37928
10973 22440 65378 78533
5357 41647 93304 67389
63729 5840 40461 97316
90445 67786 13975 17086
21383 90742 41355 19711
4189 85755 3403 4883
61777 17850 55865 96938
57113 78480 99097 5573
93111 94522 56958 12107
62318 46843 -2662 86977
22502 78619 103437 20678
93006 46619 2586 22161
27745 75647 37680 1217
82276 44664 10168 24053
24066 15092 95615 60873
99702 81730 99368 59104
95244 1350 1167 17096
95072 87562 27208 35846
82646 42216 2400 75456
90027 68040 22748 11740
95790 62852 64950 5824
54055 76753 11050 818
101155 21782 4796 23737
34026 81882 97899 36181
46059 12425 92303 7485
19693 90019 76854 34888
77471 37258 6741 40242
101055 66957 18011 20060
52029 3896 95475 60546
98702 12163 45330 64402
62137 99739 12718 37769
26325 81200 99029 52352
7978 38012 104281 28737
87251 16598 3886 20637
13586 95001 83918 48037
45047 85841 85972 14820
89895 86448 8663 35263
18084 19328 99536 82331
23284 78882 22530 76603
15617 96237 6175 93328
75850 44515 2090 15040
33124 36658 102434 88596
98512 81486 39596 37061
14999 9240 90792 27544
22808 13746 100143 32639
40453 26339 99207 98937
33937 82702 99767 18974
30712 37773 75444 41955
411 6655 84592 33785
43171 37810 91764 102507
79795 98493 9685 68174
18445 40724 73856 84280
74419 1565 97589 100117
48522 100139 46473 12251
10249 24378 85130 33591
12718 37769 95218 93300
32092 16435 61513 100860
95475 60546 61176 100281
91480 43620 34638 85133
49504 100585 25853 2890
6607 19891 8564 94304
24494 11536 64734 79052
23119 16356 91737 60537
73057 68801 898 33726
71808 21264 -52 57522
26387 13067 61785 101021
99816 67254 41911 19742
29799 78238 93331 6837
84592 33785 14254 18706
84592 33785 57038 95827
9786 2622 80602 38872
87269 16815 17807 43937
19575 46140 100980 65715
21097 25426 94295 954
102767 86552 26147 79572
86842 57286 -533 6239
17647 47490 98679 37818
5912 94387 62304 18151
2413 21497 92855 -932
2413 21497 103851 28482
762 34927 75913 43568
67088 5851 1156 85709
87677 80695 100453 9611
47886 85885 26339 13901
64704 79416 25129 3898
30694 37816 99699 58314
93202 47347 -1521 6861
7405 74502 48431 13472
97048 59468 31270 16431
79694 77954 29773 78639
70559 20444 85482 14318
13409 95669 88638 86437
35058 35480 88638 86437
29998 83727 21902 -704
84971 81493 95034 3442
76317 1517 2090 15040
88185 79932 27536 36210
