89311 93322 23155 32523
29226 30898 80492 74411
29226 30898 6540 17469
29226 30898 40053 69195
81627 50086 6382 94326
78476 75853 71573 618
51226 16337 18588 71396
51226 16337 51677 18893
8586 84663 63985 60128
12568 12744 9408 79819
88180 74150 27291 97057
88180 74150 46372 -565
76443 6957 32220 71639
47838 28196 7729 79083
86393 12894 16914 71560
67236 33408 14698 75995
7275 19135 65296 40523
7275 19135 77060 70151
63564 36729 43649 98822
6813 20910 74986 3235
35830 53094 100140 72561
99064 63489 29143 50049
48465 71750 28396 -2223
78702 77140 29311 30768
79828 -506 84526 71253
79828 -506 33573 4706
79828 -506 80434 85241
19246 2809 63478 64026
19246 2809 21626 90852
74979 4613 9445 16325
74979 4613 103150 53267
96110 48515 22113 49247
96110 48515 67893 2046
59447 80988 2899 61810
21620 50577 89054 12537
21620 50577 98453 61222
95683 50513 31084 7284
95683 50513 36391 55965
95683 50513 17690 73692
95683 50513 24841 2758
61926 88800 45490 2281
61926 88800 77932 66431
85784 12498 29697 79876
32066 6994 75044 56601
9983 15895 52608 96181
32554 96168 86777 66649
17292 2853 41022 72439
62979 88777 23383 2748
88351 12280 36391 55965
75142 56699 29997 4942
9691 76670 41287 17759
48125 15407 83690 90930
48125 15407 79021 78451
29521 100873 92572 51224
37427 69125 86823 5814
87926 10941 45316 84092
23017 11144 32833 102781
44560 71956 10367 17048
13962 62948 87662 68231
84601 13057 54547 68149
10733 27360 63883 62856
10733 27360 2899 61810
71 56271 65116 50546
71 56271 7112 73286
82641 21042 -2288 60881
100266 63193 3916 56257
87465 77456 42302 27626
79975 96430 50712 29426
50314 -299 3333 65681
63507 86802 12290 44228
46678 27705 32090 89400
31900 2918 35168 99203
45860 71810 10305 17055
45860 71810 37662 17239
89133 11390 21616 50632
89133 11390 88482 7936
32266 7176 70864 52784
32266 7176 5440 42581
99860 73765 41712 27802
99860 73765 19273 87578
13006 21447 21092 87454
13006 21447 63608 86242
13006 21447 -758 61888
81303 95592 22819 47006
45081 100338 33493 4911
45889 86102 86420 5006
73095 119 46523 86335
10041 25532 83375 1671
81305 51049 13142 74101
81305 51049 83946 15619
86150 16360 51730 84715
50893 96848 46015 1898
50893 96848 29095 23265
86540 85226 22734 67049
56686 62492 32941 6714
76429 88347 6629 92504
70963 52882 30196 5124
70963 52882 63872 63083
71075 2842 84238 88284
5546 56291 89215 76091
99754 22985 28687 77938
83336 9768 54287 62347
83336 9768 42700 98440
22619 3239 79021 78451
29032 79380 99738 22916
103343 52177 21754 21552
7185 94528 64761 45845
7185 94528 79865 75955
3378 47065 75149 1989
65011 -822 73649 92791
65011 -822 1477 34820
15450 76341 32839 4007
15450 76341 47289 85190
82395 22805 2893 23852
41197 68173 88122 11699
9635 95482 13316 25806
79891 85603 55779 20309
50376 95812 56867 23657
57805 24512 30684 77865
8195 17646 45961 71782
81787 91453 21329 89003
49564 15702 53473 84746
49564 15702 1477 34820
24159 12236 8856 79843
68207 745 6546 59879
43646 41023 83903 89710
44031 68829 28607 -2084
44031 68829 48029 13205
76051 78349 84984 5375
25298 2831 22770 87031
25298 2831 83046 2254
25298 2831 99977 62728
12836 73306 87716 67738
16164 3078 64717 67717
54405 68269 87572 10550
81461 84234 22804 49057
81461 84234 44894 3807
46115 86399 81658 -1227
41570 18325 3750 64794
41570 18325 29381 3900
89059 12068 23167 36393
89059 12068 99649 26295
27119 -1521 75279 57006
27119 -1521 96503 19773
53967 84667 39179 17378
79862 68929 12565 29380
79862 68929 46678 230
9536 26662 89025 77502
17165 69733 81114 51257
85298 46722 4629 57041
78449 69319 42229 21184
44370 11670 80277 97275
44831 71743 4682 21521
55679 35411 -264 14209
16972 67963 85173 88427
4052 21996 58062 61765
29829 3908 78677 78419
47744 -1171 57312 83987
18837 2734 72081 65619
1254 31326 80038 77113
100728 15857 36747 70901
80809 52938 23560 34446
80809 52938 102238 49905
34894 58462 98279 73123
34894 58462 102678 50625
12315 44156 62977 88312
12315 44156 2529 24336
67180 -48 28107 76543
35800 55760 100773 16578
45515 84197 83754 8728
13165 75588 96537 47260
55638 31968 597 86502
46131 71597 4620 21528
46131 71597 67820 -98
10747 26178 63580 87662
21967 46723 81757 93467
97732 20220 11340 11084
97732 20220 25913 2692
97732 20220 7627 18114
410 12512 41524 71060
23530 32920 81427 85002
8812 17340 33017 78207
17923 9116 62710 89981
17923 9116 103471 49164
78454 69491 10275 22302
78454 69491 11961 16822
14001 76619 81866 20293
14001 76619 995 32718
32342 71877 73888 1967
15866 66037 47683 3365
15866 66037 103443 52559
7448 95767 59229 19825
7448 95767 78506 86332
33738 6291 39937 71356
32058 5285 75218 92500
32058 5285 22704 88405
80831 21039 35725 60942
-458 14925 59755 20378
-458 14925 40248 17687
-458 14925 89765 91383
-857 60591 52573 27133
-857 60591 3899 44205
-857 60591 63240 87761
29198 74684 89023 91314
29198 74684 17821 87534
29198 74684 86678 84460
46160 100010 10817 11783
46160 100010 21604 46762
97052 48725 2335 44839
9696 95954 12027 15905
81388 94591 29714 23104
81388 94591 31898 5960
81388 94591 16892 83855
45282 27719 61407 89095
6638 94213 76254 52448
6638 94213 59251 21581
30471 97933 34189 5026
30471 97933 8984 95166
8905 16312 31066 99811
8905 16312 74068 91956
22704 88405 47125 27752
85266 45448 5297 83795
85266 45448 38084 100920
7137 20941 68179 2599
33724 6248 40239 72277
94280 89082 31370 67728
29311 30768 74925 4811
29311 30768 16182 3776
75486 4644 -1207 15674
89116 90285 27247 96289
1803 77575 67850 33333
21874 54592 74387 2790
71989 27064 30501 102023
29562 23296 84574 90554
57766 62165 10265 13585
47992 2825 9371 77381
27840 1877 40218 71567
27840 1877 29367 26957
89346 92553 22428 48661
89346 92553 48080 25681
5538 82798 80197 66385
72697 61796 5896 83017
72697 61796 99467 63410
72697 61796 1572 33554
24309 3745 43528 67820
55530 41922 29455 96176
81461 23663 22503 5848
81461 23663 3255 64718
81461 23663 58587 17743
77932 66431 21237 86563
72088 49408 6574 78073
72088 49408 10223 30085
72088 49408 102539 49654
61452 30491 79876 94240
61452 30491 78116 34058
-1003 54592 87671 85819
48455 -410 42378 68018
52709 96153 7874 16486
52709 96153 103610 49743
52709 96153 76364 88785
50697 95726 50118 25460
85111 9185 17015 74597
85111 9185 23167 51338
80148 69482 6567 17756
83939 4305 98002 100812
21522 85932 51507 25926
43532 12716 97868 75302
67392 211 23646 71097
70406 27100 28746 96882
70941 2534 87036 94750
93334 90794 51222 31764
93334 90794 96381 47531
99043 61692 29596 87782
99043 61692 85781 16125
99043 61692 86738 16770
30258 80396 73988 1562
107 90916 41744 17081
46171 3105 47619 71497
2749 46549 88342 12822
2749 46549 101346 53153
13943 21291 1431 90716
85245 46691 5735 57691
85245 46691 39298 76416
99867 15271 54830 83204
85413 13027 37494 68781
82131 93951 5446 81485
-773 54244 82840 93109
76004 6919 41435 72438
99690 72241 5260 76986
97566 74456 49874 30473
-1193 60860 59640 21487
76504 53285 1391 76625
76504 53285 94563 16126
75121 6077 59986 90125
8205 85389 24190 11972
8205 85389 9867 29279
16472 10758 93193 55515
33656 97898 63652 30317
8855 76345 58844 24584
-934 87623 63608 86242
36689 56540 82106 195
9721 17239 58113 67950
9721 17239 13670 74002
64333 50160 16182 3914
87751 20161 18091 4898
87751 20161 15189 5709
73131 28156 6524 79085
73131 28156 96111 49828
93428 55580 11545 9400
67054 32888 18518 86910
31514 29589 32429 101903
83457 12207 78573 85989
83457 12207 22444 52476
101109 18912 28760 6742
101109 18912 25133 4307
47289 85190 57014 24163
48409 19319 77793 77685
49266 96016 80186 19369
52074 15581 767 87282
52074 15581 48958 83357
30168 4522 71542 65534
38038 71562 73617 1982
38038 71562 37911 16790
38038 71562 36843 68675
6973 58887 59251 21581
95673 47540 31304 69707
37476 71041 85414 12919
42973 98945 77764 34148
42973 98945 25886 3291
32685 79888 23024 12234
32685 79888 18238 3512
41017 71029 11062 13163
83962 44809 32688 97208
83962 44809 47345 2069
2669 62754 64267 61171
44045 28275 87382 77425
498 91573 33551 3282
58863 17555 18265 74199
58863 17555 85222 44935
60940 64048 72527 2340
16446 2311 58802 83821
9169 27994 96727 49527
49336 84978 14019 28616
2662 42069 85391 47435
2662 42069 60516 88616
29913 78955 74004 1630
30500 -1938 4277 65759
81263 50999 14030 75157
42097 97675 96147 60830
21097 86309 80879 71772
85762 89043 4607 55026
72325 49468 1590 76807
70901 27563 18335 87163
87062 71334 26558 -2204
87062 71334 3089 41711
96345 17322 40466 71943
54018 67937 95700 17513
33573 4706 48 61659
54895 82848 98506 22751
12511 20984 31503 97173
12511 20984 37573 17699
12511 20984 17833 70570
95462 16480 59017 89630
57038 24245 46787 83458
81802 8238 86518 94478
30695 -1758 185 61967
90921 55983 64189 931
90921 55983 17213 2647
6097 75939 82100 94215
53648 85378 45884 2444
88201 10552 41193 68228
32648 6649 62839 63843
32648 6649 21511 12835
72131 3823 62052 67682
23824 12422 15879 75940
23824 12422 25338 2623
50591 15452 31904 89984
46772 83642 57356 20402
14565 75607 51420 19418
81367 72761 10861 65544
81367 72761 75600 52903
80045 75750 20769 12431
22466 20332 88409 77803
92440 51414 32285 96893
6220 78754 79515 35109
1355 34582 77913 8721
18734 2139 10741 87425
18734 2139 6078 76041
18734 2139 79274 75202
29136 -3134 32925 90869
36782 100528 52932 40411
1972 76280 64300 60527
48201 -1286 47709 86402
48201 -1286 58546 24581
13938 75036 64591 31406
31840 96145 5440 42581
86549 12624 13641 77237
86549 12624 70932 28204
86549 12624 87229 7483
65678 40770 -740 13954
65678 40770 77829 9202
65678 40770 49120 85897
53131 84342 56736 24203
57243 68870 27978 -2086
85830 11067 55498 83404
96907 47137 5392 78181
18864 3336 71503 52967
79880 69913 12190 8717
26376 50109 75488 90366
830 75943 88287 67612
85459 13640 36529 55900
24937 32425 51896 95394
-760 54680 82583 83966
-760 54680 36905 101586
65637 37327 121 86247
65637 37327 17453 70778
24241 89355 14840 7792
84299 70956 84591 5727
80006 75650 1920 62064
80006 75650 13280 29498
27648 -2043 64170 67961
84991 16689 76051 77810
79660 36697 3163 45412
60733 87587 70549 27751
29409 88387 102978 48994
29409 88387 72980 91820
76542 69880 82277 9409
88345 92924 43435 40870
88345 92924 71280 30337
29028 76538 92595 52383
41682 30468 100493 17782
73484 776 38346 72538
9176 76259 52095 26387
18815 74427 47297 12758
74253 3618 17492 72001
7621 80474 50110 -1004
49622 85531 8021 16992
49622 85531 20157 87359
49622 85531 32733 102400
80177 -750 77216 76378
20151 13400 93018 55390
20151 13400 66215 32221
76922 69993 74314 7035
52879 95968 4299 20368
52879 95968 79749 96706
52879 95968 10386 86578
100635 97474 28645 74391
75004 4425 8917 20264
88646 74728 17490 84917
2148 65614 75208 1106
43010 20297 62044 87942
96653 48667 10712 46044
10135 22048 81401 74832
55937 16467 79726 97047
37018 67132 95401 47663
87095 5692 31713 71699
73987 587 27783 76513
73987 587 89154 11221
22693 70551 87392 11679
96681 47682 10132 66738
37911 16790 80585 97031
37911 16790 6677 20793
31788 97028 102865 48583
5427 81588 82544 91806
73644 3222 30275 80317
22632 19716 84904 90725
82304 94919 1810 61147
87755 10353 48905 96445
30965 89412 70300 27456
23585 89678 28632 1015
23585 89678 59649 63387
60879 89273 56367 23969
71269 30563 10617 24156
8714 95287 32644 29904
8714 95287 81108 20155
82060 -419 37654 69422
29820 86520 94353 88187
88078 14096 8294 19803
4322 65564 29550 2163
50356 18181 36905 101586
58309 60001 -1130 59026
58309 60001 10765 77391
45268 12024 61408 89842
45268 12024 100619 97406
85185 12873 42294 72009
85185 12873 70300 27456
85185 12873 9584 29704
72817 159 52365 85486
17429 4954 101648 18997
28152 31981 103038 51680
88217 10360 40853 72274
88217 10360 -1014 57943
96779 61858 28828 76087
12360 69031 49885 -459
11420 26301 49460 85088
66785 648 36394 61913
96067 75472 81347 9143
96067 75472 22980 92044
-729 90591 59301 23906
67758 34860 3730 45500
8329 80146 35243 5873
99372 64258 22676 33907
3065 21627 78797 69523
99437 73772 10579 44848
6540 17469 80723 75510
6540 17469 25877 53758
29064 77510 99068 62181
29064 77510 62195 56944
24065 70262 58587 17743
83046 2254 16955 13294
40520 72488 27826 1833
1581 12279 16938 75947
74068 91956 56206 16710
19049 2539 4127 79041
84504 8925 29757 80046
6185 20395 88178 14067
13510 68833 25739 3697
9274 77557 50032 -865
87191 6594 29708 52758
39550 61326 504 12975
16900 71806 87522 67809
56877 82958 56875 20435
56877 82958 -483 54385
24691 2250 35511 99234
23088 47248 75645 90502
23088 47248 72081 65619
23088 47248 51677 18893
103834 51765 11423 30198
29721 49793 86912 68858
32058 97637 861 11246
10321 25174 77486 9170
15208 3957 84794 49250
10668 68558 85414 9472
10668 68558 97338 61408
32028 23341 32788 89608
22099 21664 96111 49828
22099 21664 87355 85760
22361 4631 84453 49218
36080 61748 73368 4106
74619 92185 44639 11912
16438 69910 96381 47531
29039 96418 64260 36843
29039 96418 1975 62449
10424 77359 25886 3291
65009 48791 1970 32674
59125 83145 9673 16515
42683 76773 17213 2647
42683 76773 6262 77241
27077 98143 92688 51354
95496 48019 35026 59657
95496 48019 13113 75563
81375 93376 29985 48626
73213 1281 46518 86280
73213 1281 4041 65354
78506 85793 84874 16309
94832 16368 72229 91973
30118 76382 24948 3338
98417 71339 32000 95944
22649 51119 67440 1162
11444 26383 48958 83357
23746 89598 25251 2708
45835 71997 10833 13117
49552 -1388 19351 88542
81108 20155 29919 79511
8710 84932 13596 21567
77657 70656 27006 -2171
84509 45095 21199 91210
84509 45095 78419 67420
13250 9076 57624 62380
22427 86999 32507 3500
100155 97576 38733 72253
59479 82451 2233 31072
80128 75983 -643 55060
88627 94064 37528 16931
88627 94064 55130 24524
95234 47502 40519 70506
85856 89756 2639 40054
67244 1008 26768 54364
86216 71080 44333 3125
79515 35109 93534 54706
31104 79077 48992 -937
31104 79077 58553 24569
25913 2692 80697 54450
17164 70638 81985 92328
2610 24276 88348 13883
42136 19871 80384 96885
72819 64709 3349 21856
81681 -1145 45614 84668
29033 33912 84539 11122
86599 10465 74820 70055
43938 99636 57491 19641
89963 13789 2533 24281
63039 89398 11009 21354
103308 51560 22488 34512
84982 47242 11267 46112
58257 17296 31007 79647
20108 2406 45393 72507
2673 46554 89956 12728
86287 10952 45895 85819
33190 79431 12430 21829
29570 -3260 23815 93513
29570 -3260 82106 195
58802 83821 32596 6472
94313 16575 83132 87630
97001 17142 26687 75725
97001 17142 79812 75924
47958 16022 87196 78009
47958 16022 43818 40729
19655 1791 54897 85409
7792 84082 80663 72338
64852 50518 5603 56860
33275 101239 13730 43540
79914 35994 -2159 60169
-688 55168 81067 73715
46630 97999 952 54012
46630 97999 60237 63646
47701 2810 15491 77704
47701 2810 84439 47018
87489 77782 41798 20781
88835 75236 13532 74255
16338 77397 32797 3957
28444 33530 96917 19151
7185 84986 45622 20438
4871 56044 80228 67659
3501 42661 67769 34996
26000 1546 78860 78531
31558 79876 46690 12498
22899 32646 94683 90752
51611 31949 85165 86898
88428 67013 -2116 88538
87990 10413 45627 71149
18707 75070 49582 -746
89194 13067 20333 15416
89194 13067 4772 58258
98292 71190 34622 99062
56967 62703 27043 2299
18097 5154 87611 14793
4772 58258 82305 21167
24436 32736 62400 88856
63872 63083 10969 22607
55346 32067 6722 84432
82466 1250 29132 34382
86626 10552 72619 92250
80550 75293 10175 22026
52365 85486 100095 71840
48365 19427 78731 75417
84711 16065 81947 90898
12163 8430 80455 75941
12163 8430 11248 47863
58723 83482 18113 9426
-50 61561 35642 6758
52205 25984 6871 84722
3062 44662 81785 52451
86777 66649 5245 55645
33328 90646 20682 1542
5867 58237 59304 21612
-973 88876 64440 59927
6375 77891 76267 53225
2258 41755 93870 54039
59605 23682 -451 14768
5556 82403 79833 74681
4824 65515 19016 3183
88080 78586 29381 3900
88080 78586 89385 92644
17992 85309 78087 66491
37740 17084 84184 90850
37740 17084 72422 -3
28308 33246 99772 25113
80691 95131 44350 11772
55634 84498 4168 20914
64848 30881 8545 86056
64848 30881 99591 74161
5906 57446 81650 51842
6162 76965 80741 72677
78918 75738 44435 12695
51212 96137 39310 16832
51212 96137 39000 17453
37174 101190 44697 26496
45512 20841 9490 76523
45512 20841 48944 85771
45512 20841 28429 98839
80423 86456 44609 2393
79967 95896 50876 40632
80652 54645 26863 -1409
22403 88307 53453 29813
82414 84651 2803 40297
27535 95968 95852 46290
19235 84220 99536 61862
67817 33977 2500 64049
74215 6260 79013 86272
74215 6260 81880 83064
74215 6260 42856 72155
102115 18300 7626 19603
17821 87534 81684 19773
37916 71324 76172 6972
64978 47327 2635 63413
64978 47327 8746 15869
26509 71894 100737 97593
48988 25660 74412 91530
86602 16974 42227 71814
73319 92706 71937 975
97837 64858 54924 21297
97837 64858 46416 3279
97837 64858 70797 1115
72572 27772 18255 87153
87541 19293 22507 23118
32256 80289 32039 3819
32256 80289 8410 17649
18916 87513 58683 20218
79906 85420 55461 24152
79906 85420 57014 24163
79906 85420 56867 23657
71732 1759 77619 76258
-1457 59621 65173 47507
83721 88012 81935 8546
83721 88012 17833 70570
92697 52502 26892 74041
92697 52502 67644 33009
25057 51997 103185 50727
25057 51997 16182 3776
99177 61221 26768 97673
87091 86312 11167 44251
31258 29630 37814 101041
41956 99526 99122 21957
12423 20739 33338 102324
12423 20739 77486 9170
25742 2938 84292 49298
79107 78018 20813 12323
32014 102525 40224 16528
76503 55393 1422 32360
60311 63871 85734 6064
13146 74618 99826 62319
13146 74618 2899 61810
86739 14890 9645 29644
86739 14890 18881 9761
2328 77123 56822 42829
84904 10154 21373 54241
13408 62725 99302 72920
71421 49086 20574 84829
71421 49086 45312 84147
71421 49086 6078 76041
72993 63098 -304 55674
99612 72380 6913 74069
99612 72380 57332 20320
66963 170 32671 71962
66963 170 80389 94286
72754 28292 14435 76238
72754 28292 1902 62460
20492 52310 103403 50712
14434 8302 32750 78637
79616 76151 29784 4016
15628 77451 47695 2822
50735 16129 28890 75773
11314 66630 71862 49953
767 87126 52077 18869
45041 26700 29954 96901
33845 4822 37691 102222
94395 88745 28942 74806
-1201 15730 75367 3481
57892 61950 7627 18114
45428 27225 21812 85870
40248 17687 31520 78190
45179 99482 31438 22871
6524 93563 78633 66098
21980 50148 81486 21553
83904 11450 95945 75362
80248 85668 48292 18939
46416 3279 42475 67843
-1329 15437 78041 9633
13212 73349 79831 66835
20613 51265 100865 72648
20613 51265 86548 86087
26474 483 88823 14922
3899 44205 64208 62054
12970 74346 84901 45898
12970 74346 22503 5848
89771 12856 8214 19862
25594 32162 38084 100920
98556 72239 29088 77031
29583 -3086 23539 89873
11126 47753 87943 12765
101600 71421 5169 77025
93950 54485 591 32403
53473 84746 17453 70778
53473 84746 13641 77237
85353 12191 11930 11466
680 91686 29723 919
75747 56424 17302 10714
81590 82607 20089 83232
88186 8337 8816 16148
8241 17832 45001 67881
103610 49743 16134 72666
101377 97543 13072 72941
12282 73083 99356 72427
84439 47090 22669 49315
87254 70243 22521 20692
78987 35366 17306 73351
48151 13538 879 58034
84012 49088 31639 7352
84012 49088 32596 6472
86224 15574 20474 15296
21728 85839 47172 27874
22433 23432 89094 12686
8534 84486 65080 63841
96558 18096 36000 55688
20144 86347 100887 70977
20144 86347 77913 8721
79860 95834 53130 41938
79860 95834 99678 71464
90346 91952 1427 61288
96133 16757 44925 83815
39372 76101 86738 16770
34838 60810 99461 23801
34838 60810 16712 66290
36120 52272 94053 89818
75981 56488 12376 9357
74813 3018 10448 25467
58528 20158 22161 88767
58528 20158 19566 87508
87755 14772 15067 5599
87755 14772 -1036 55412
39298 76416 88291 10162
85582 78343 81846 9006
85582 78343 16994 69978
23807 32625 75611 91198
23807 32625 88348 13883
40737 69259 17306 3004
-661 55455 80492 67687
97977 74652 81256 9182
42665 27764 79852 74560
63748 45660 28455 98414
15351 76243 34909 6059
79023 66335 -1668 88571
74432 91864 48569 18644
-421 58554 75449 2602
65100 47660 72 56409
101095 16744 29046 52275
101095 16744 39880 76579
58216 19640 28718 99653
100248 97826 36770 66998
100248 97826 2021 65321
79244 74561 17937 84925
28652 75628 100482 71488
59241 20602 7186 79445
-760 57669 82569 21195
44362 12207 80435 85989
43404 20460 53766 84520
43404 20460 14001 73630
70793 27625 20604 85851
41319 71950 11048 13119
11106 64739 76216 89669
11106 64739 43088 68751
20784 53859 97282 18183
2088 63099 76471 53929
88677 75369 16845 71446
27273 72340 84682 88219
37067 67413 94008 89097
-409 83797 76764 88762
78278 97340 86356 10310
78278 97340 -1033 14418
33509 6245 44755 72325
46473 2854 41289 76764
6104 20454 89872 12827
55492 83687 85963 5121
65196 40551 9384 18544
20157 87359 32630 23448
59021 17421 14952 77008
75124 34126 98422 99392
64289 36728 28429 98839
55236 32470 9027 75969
93188 52710 16590 69664
37938 72602 82047 -570
88112 93653 48336 25559
79409 68045 22079 47934
22180 47269 94717 90056
22180 47269 73888 1967
5132 56925 97907 62771
49962 95391 65557 32485
54793 62753 72701 1242
97681 75138 47459 16159
3772 78195 26496 20313
47304 84495 46186 2486
47304 84495 88475 6876
29168 79663 96883 16955
29168 79663 12309 11579
44032 12579 87382 78172
70656 28392 23490 69755
29826 24314 79040 69170
62041 67816 72356 1001
62041 67816 37691 102222
84792 78033 98440 15517
2690 30957 49876 84866
2690 30957 36375 52150
2690 30957 22473 49429
37358 18785 92199 55133
37358 18785 74292 3638
93344 52440 13317 75341
93344 52440 86587 15640
24507 71134 49306 -559
54259 85226 33056 5631
54259 85226 83754 8728
-837 61082 52150 16828
99930 99721 43448 27213
61220 89522 49199 18755
61220 89522 83660 87842
61220 89522 16247 70384
99024 71920 19259 83741
97236 20462 21752 6001
97236 20462 79335 68723
82003 53943 -1517 13327
83333 90708 55615 20066
95401 47663 98806 99733
11417 43802 81846 95745
8831 86379 58845 24106
18807 9959 44158 72293
18807 9959 86083 78693
48029 13205 3442 65038
98698 62602 36843 68675
83734 11912 72757 92185
83734 11912 74819 3843
13235 8792 57945 68352
13256 74637 97520 61927
13256 74637 84591 5727
6411 58623 47887 13510
23481 51503 67400 1144
33343 6292 48230 71345
55653 17737 85677 70384
2714 31039 49374 83135
-1356 89402 72466 48869
72812 63648 3489 44129
80504 94810 48280 18503
79282 78144 17134 9680
79282 78144 -1036 55412
17920 85320 79607 66265
35364 61371 88400 12023
61715 89598 38810 17144
96074 64105 43631 28909
96074 64105 23199 33292
8689 95613 33176 23055
81412 22231 23531 35909
28990 75832 100619 97406
28990 75832 30343 52991
8435 18162 85116 48573
8435 18162 26496 20313
14935 64580 67225 33952
14935 64580 75341 91319
59649 63387 99638 16215
16760 67810 89616 91641
22885 11333 35597 98802
73193 29166 5206 57877
73193 29166 9912 14605
73193 29166 42862 72585
28622 78294 101115 15505
12258 73562 99868 62369
12258 73562 71542 108
49786 84286 4585 43146
49786 84286 58388 66812
77060 70151 71416 3706
97230 61470 19345 84239
87811 16996 16846 71364
17453 70778 75913 89382
17453 70778 94180 16267
17453 70778 57525 23394
19745 15156 101538 18512
19745 15156 89362 76835
35942 61590 76266 7435
41778 28242 98463 64527
41778 28242 26169 3857
59160 24506 2217 77995
59160 24506 76277 54204
29288 98655 46247 40597
101010 18814 30830 8794
64362 66871 23611 20852
64362 66871 86478 16038
23704 86174 5688 20834
11727 11415 89604 13258
45914 20339 1060 87056
11078 44712 88952 76642
78645 66875 6262 77241
96537 47260 95387 47512
44894 3807 74433 56753
30087 77698 70342 28014
21566 51227 80857 73443
21566 51227 80204 -463
37628 18059 86535 70369
84765 11451 77848 75337
84765 11451 83876 90346
10963 26416 59063 82673
25098 19761 33118 89779
74336 56928 46933 118
39302 76361 88212 11309
55339 84899 10380 12502
95447 48276 36053 54251
99122 21957 12191 73122
16544 70800 94986 88935
95022 46937 44978 82378
72422 -3 60644 88908
72677 63040 6333 56912
8032 17847 93595 55178
73197 92468 74492 5965
13057 9283 61674 58039
89821 12120 5517 59337
45769 11712 50904 96381
97371 62186 16391 69212
55628 83438 4307 43186
12367 73580 97562 61978
78419 67420 11002 65798
9912 14605 65171 40739
50692 29528 80389 94286
9788 66626 103912 50031
53608 29873 19158 87053
13251 26244 11002 86277
14201 75699 59057 17484
72756 1396 56121 83865
71316 30996 9620 15069
48071 2686 7718 80298
11721 29612 97593 64071
87971 67691 7468 74292
87971 67691 1391 76625
74599 5614 10223 30085
74599 5614 77686 97135
88347 17581 5587 59077
37636 71681 82061 -526
4605 20194 46456 99610
4605 20194 7816 74048
51737 84971 86009 10992
10864 45797 93460 53847
25935 50161 84746 89275
2617 62577 65362 64884
60538 64167 80971 -168
22756 86217 25592 19931
48223 94619 102082 48698
95807 49332 28496 32092
6677 20793 2929 87034
10641 15631 38796 101708
67671 160 17805 72166
67671 160 37092 101907
32340 78447 23040 12302
32340 78447 79945 73983
32340 78447 94563 16126
586 85441 55873 54254
19319 9102 33393 90286
19458 82959 94847 88356
19458 82959 59755 20378
82513 92071 6078 76041
78977 97796 71668 733
87254 68930 22535 48275
29741 5055 80515 54337
52441 96584 13497 7447
57469 62654 16509 3319
74387 7025 75401 70218
63786 50404 27666 -1207
73368 28216 1540 77819
73368 28216 86549 87473
17034 72846 84707 45969
81966 51901 -731 56207
32596 6472 63934 67556
39247 69424 48604 -477
85034 12301 45454 84027
85034 12301 79021 78451
13935 74371 80371 72801
48421 -445 43088 68751
79708 54567 46678 230
71857 27253 33265 98044
88081 67288 5163 82755
44634 82266 102253 49286
87506 18676 23241 36078
86640 5846 41268 68452
17850 11029 64253 49821
17850 11029 45631 71094
1135 76737 81877 50924
71692 1781 78470 75797
91964 51355 42296 98126
12737 72178 89807 91433
7505 59740 48081 3665
73467 2157 41187 67896
-202 85689 72411 49045
2642 43821 85796 10650
95715 17797 53697 61965
95715 17797 79622 77335
35165 6012 9982 77229
74734 2243 14578 66090
25723 50008 89189 92489
37573 17699 87690 77929
84971 87614 55687 16916
99446 63580 21125 48146
95865 75421 85597 10210
12040 13001 20494 74416
21458 89818 79076 74328
46095 27547 7812 79114
46095 27547 62400 88856
37555 68951 84133 9454
37555 68951 84093 44620
77373 70316 64834 248
77373 70316 78355 97335
99467 63410 20680 51705
3111 24499 77829 9202
5716 81728 76472 88860
22561 48969 86548 86087
79269 95414 74203 5825
40857 72220 88138 11506
22514 23373 87400 13926
15875 7873 2491 87649
46552 3061 39628 72429
58630 65974 -1145 58741
32522 23510 22426 86047
37303 70312 95387 47512
82349 9399 75022 70105
74287 6748 77497 76021
58231 16807 31540 89919
15201 28281 24500 92011
28905 34085 87229 7483
67172 36810 16047 4550
16966 85533 99644 61799
41689 17258 1261 87202
14515 76248 71083 28083
43987 11811 88319 94308
18145 2157 23111 87063
18145 2157 28743 75589
61751 88012 49173 18827
39896 67235 100578 16032
39896 67235 101226 97665
21292 50629 86609 86008
1858 90268 4977 30699
8408 14155 96763 50186
8219 15308 100729 25968
8219 15308 51420 19418
83905 9300 42355 72179
100077 25610 21910 22817
20153 2591 44434 68607
4026 56275 97960 62802
81461 84306 22811 47543
81461 84306 97541 100256
80156 76236 18452 2228
59412 87836 98291 22514
21651 51097 79067 76172
93504 91418 47661 18665
81034 86304 31781 5580
61882 54437 8686 84934
10946 65414 79577 75490
96779 22352 91165 91242
25532 19635 24008 92422
25532 19635 30564 100177
80204 -463 76641 70350
48876 -600 33533 71999
29377 1195 7958 85902
64851 -147 77010 78612
35511 99234 7575 94711
50493 40773 88009 92929
50493 40773 11815 20869
83445 11772 78829 95131
1995 87891 26287 2790
1995 87891 59718 18336
102632 50012 36674 67020
102632 50012 5169 77025
13668 8036 48852 84230
58954 24181 6550 84808
12070 74166 103804 49672
13170 74139 99314 72377
64573 67738 19194 2633
96898 75908 63904 -18
61407 89095 13488 21492
84184 90850 79577 36119
9002 86003 55238 31992
9002 86003 26287 2790
81718 94762 22784 19524
72075 48631 6837 94395
72075 48631 54830 83204
21373 89948 80866 71599
64087 86310 120 54568
85428 11395 97778 74546
58864 20738 15097 76598
9434 79631 12039 16683
9434 79631 37537 71211
39000 17453 57728 83100
87230 10736 59938 88397
87230 10736 22444 52476
3709 40113 63387 88505
3709 40113 11267 46112
3709 40113 10175 22026
64847 31359 8569 76022
88401 75557 22645 67509
103618 52685 15975 10892
29356 2438 8396 59798
100796 71866 22055 67685
13569 73568 72332 62246
13569 73568 74387 2790
29723 919 32499 95808
82478 22325 1138 33935
23142 12421 30204 75950
41712 27802 26607 73092
41712 27802 18511 4017
54385 62817 81264 -104
-1323 59232 62359 55661
29884 4292 77520 70349
29884 4292 10441 16851
37206 19031 95392 49954
19999 13647 96211 50210
42428 76309 22560 12404
4047 78703 20717 9653
31898 5960 78579 78321
84901 45898 44376 27903
61942 57609 7434 18321
81066 72610 17167 68716
17849 10891 64269 52707
17849 10891 81216 72352
22025 70351 101429 15883
79790 74168 6469 93179
84931 47992 12324 30377
49734 -868 15531 77627
74983 3928 2159 65480
96171 48364 20837 52421
96171 48364 83946 15619
88401 93591 42258 26858
88401 93591 17354 71843
85621 87694 7556 83351
80074 72355 20162 83721
9852 16441 55364 84711
9852 16441 88206 69275
96899 17023 28823 78222
1138 33935 93379 52502
42002 26980 93773 91022
103768 49609 12821 75476
7850 85871 79437 34770
98173 64589 47857 26943
28262 95791 80585 50016
34065 89736 5195 20664
79044 67760 -2117 58656
79044 67760 17532 74869
81222 72340 13895 74393
81222 72340 81460 53253
75541 52608 21626 90852
75541 52608 96663 62195
102678 50625 35709 54139
5717 20122 98000 19790
22341 6383 84858 12433
22341 6383 57173 23484
5047 56428 99700 73220
8030 17693 49435 70802
5063 81627 90173 90983
35896 53534 98743 63323
23490 69755 94955 88294
81797 72921 1834 62194
81797 72921 4483 65483
76261 91514 10144 25995
81343 95611 21987 46621
36274 98562 8657 16371
80977 74845 1209 31434
80977 74845 20680 51705
42552 99827 86587 15640
82403 84516 3032 43135
2758 87219 10253 16911
43817 13665 91891 55377
28863 30760 88105 77307
81722 23356 17018 12289
81722 23356 54649 32009
2472 40669 89362 76835
98147 61395 48410 94015
96181 64462 41384 21415
9451 16381 74860 3450
78348 97080 84882 15771
9081 76068 54088 30396
29925 101187 84093 44620
58665 16681 22430 92563
5922 18438 93696 55150
9849 17738 55432 57478
29550 2163 29366 48787
64936 32199 6702 58381
7992 96153 47812 11723
35662 61947 82155 -63
89125 91433 27062 72187
17873 73438 67085 33530
17873 73438 4396 54873
81071 103 58435 58476
16903 2196 49199 86236
16903 2196 80248 85825
-2071 61529 78076 7438
41556 72676 73450 1929
62944 90045 12997 7759
27380 96597 86319 83819
84944 71054 71041 3663
47650 41020 -174 89776
47650 41020 20023 87391
28872 24527 99077 64704
17137 71195 81716 20551
17137 71195 78470 75797
8876 16427 31676 97390
66508 324 42226 68715
76873 6998 23194 70774
44212 27660 83876 90346
44212 27660 80228 67659
89793 13974 6108 20399
98271 65887 45794 -309
80221 75876 17089 9788
1920 76103 65395 64240
1920 76103 22061 50684
47915 84343 33358 5673
3388 46930 74925 4811
77151 6947 17354 71843
77151 6947 642 11190
96111 48443 22106 50761
4037 21712 58383 67737
98674 72427 26607 73092
11133 45072 87797 69082
23199 33292 88374 77186
82770 433 22749 51537
42201 20897 79025 75347
87324 66935 21065 90170
16778 86137 103580 49102
12184 71884 101419 97594
70735 65764 47105 -303
6567 17756 95836 88315
88149 7678 9578 29987
20710 89164 94787 88061
47994 2347 9347 87415
44878 20258 22811 88762
71299 20 84228 88418
15218 8421 16289 76131
15475 7897 10896 87150
73090 3782 41913 68550
1572 33554 73366 30324
62288 90368 26789 982
20787 85597 66946 32951
20787 85597 31520 78190
6189 77252 80166 66649
-1808 88316 81970 71677
97324 74916 54949 20818
102042 18055 9152 24751
3080 40002 76598 90847
85365 88219 12948 72331
7624 94147 55538 53840
7624 94147 13553 21054
71658 488 76686 78582
10380 12502 2527 41029
83485 44751 42700 98440
62112 57424 3859 22203
82063 22547 9867 29279
74746 1699 14340 77505
74746 1699 22507 23657
64260 36843 94718 89984
84835 9372 22815 70661
84835 9372 30987 3579
91301 91526 93924 16390
7516 59272 47835 13479
86077 87494 -2004 87563
86077 87494 102865 48583
51134 84414 98685 22677
51134 84414 96466 50675
51134 84414 28905 33546
52434 58254 72813 1456
15480 4462 79074 38647
70932 28204 17690 73692
35966 101171 70062 26896
1970 32674 61937 87585
5440 42581 -1014 57943
121 86247 58713 20860
-1014 57943 55881 82735
195 83981 64083 84909
100189 72303 34803 58501
23171 36338 88980 13215
23171 36338 14670 76037
33926 98403 57968 19700
94388 91199 29095 23265
73457 29194 -326 57288
23603 33408 79910 74751
82061 -526 48336 25559
33426 23892 3442 78025
102207 53189 45606 296
43894 68522 31485 4379
81919 73254 -729 55190
23248 36334 87365 13308
31915 22929 35167 98250
61751 88168 49170 15539
15089 76755 59015 17434
46372 -565 86119 71256
86595 5661 42227 72352
31257 69009 96663 62195
82209 9144 77969 75447
18284 2736 20197 74904
18284 2736 4992 39687
50856 40734 80381 93752
9321 27748 93534 54706
9321 27748 2633 87434
79661 75920 46680 -787
79661 75920 99700 73220
25809 53563 87384 17843
84949 48976 11949 9714
47280 27812 19459 87151
10902 65522 80515 73222
80070 96620 48719 25417
54154 29480 7690 95307
46933 118 24459 3571
88475 6876 2743 46832
88475 6876 93484 91084
89015 12519 22451 50961
17022 77461 18435 2614
3372 47010 75268 3151
87268 71058 22227 3591
51375 16079 15453 76820
12940 48336 49857 527
12940 48336 1257 63142
23473 53017 67401 1072
10547 68448 87970 11779
21665 52994 78779 36336
5796 20771 21435 87486
17207 71584 81065 72473
85032 87712 19926 82989
85032 87712 98478 75003
84939 5483 76990 76081
22987 4455 71306 52914
47615 44 60028 58479
58853 21281 15334 65184
7816 74048 80662 72816
42603 76435 18881 9761
82659 93658 3020 42700
79878 38189 -1416 14077
67069 26964 98806 99733
67069 26964 88009 92929
41187 67896 -1207 15674
22204 54677 67461 993
6178 20139 88319 19435
5468 83550 81671 50599
100116 24315 21093 50016
87668 11492 16893 74487
8815 86562 59164 20263
27155 75997 87179 11420
49284 82555 4609 43228
49284 82555 30309 88566
49284 82555 45458 12333
79144 35233 13994 76160
30822 23665 58118 82804
13458 76504 74669 587
10766 15780 36174 98590
6925 17974 72648 64894
54493 31295 577 57188
317 12261 43487 76316
70062 26896 8816 16148
98779 14608 77686 97135
12263 8707 78359 70138
21196 88076 78801 34665
21917 51915 100077 24224
19273 87578 51196 18848
86527 10476 76340 69829
1969 32537 65025 51676
26455 54200 73826 4465
21942 20947 99407 64875
45794 -309 61471 30389
32254 78879 24846 3219
9216 24395 100682 25535
9216 24395 2970 47129
61299 90485 47554 -1480
61299 90485 36394 61913
55765 16762 83326 90865
55765 16762 12430 21829
76022 7146 41065 67659
20648 53575 100137 24145
73360 7248 96959 65527
46088 27234 44481 99275
28760 6742 89015 13832
7463 95584 58910 23668
7463 95584 11527 67398
94955 88294 17189 84271
80303 95891 43818 40729
80303 95891 11815 20869
9591 27022 87870 69942
37074 17836 98175 75058
47454 12624 15503 77237
23063 92075 45369 26930
1113 74673 82337 94275
100042 24993 22644 35777
74718 3665 12436 11872
6769 83997 54361 41199
81376 110 52026 58318
21229 50300 97261 18353
16892 83855 101195 97024
29665 96963 51119 25401
10458 47553 101980 16969
10458 47553 21203 51089
77043 70230 71760 2046
90064 90908 7344 83198
90064 90908 77619 76258
90064 90908 59301 23906
45939 12301 47316 84027
20606 50028 101018 98634
63500 45720 33663 97164
39066 101495 4957 20104
41498 20135 93797 91348
-415 58610 75330 1439
-415 58610 69575 27747
20734 86171 88492 74668
64300 60527 49817 71049
3941 55778 99753 73251
19048 84825 103471 49164
19048 84825 77968 78473
22174 91167 64047 46005
16182 3914 31236 7037
3032 43135 16215 68754
76942 7780 21752 54354
95887 64688 47545 16657
71083 28083 29770 -2249
71083 28083 -264 14209
58609 64549 -696 88656
21434 48616 92957 53713
63475 88535 12971 7831
22231 68144 97093 62236
57421 83344 45458 12333
10661 87086 20402 9254
41775 68391 75988 7112
96382 64608 37159 18334
40484 67495 88234 10587
6585 17361 79784 77778
12959 75223 103761 49621
12959 75223 -1090 12794
63629 87667 -1383 57708
63629 87667 52932 40411
31450 5952 87982 78488
16990 85054 99132 71857
40806 67896 96329 17515
93193 55515 84093 44620
78257 67554 14410 62980
96512 17483 36965 68569
15128 5539 86478 16038
16590 69664 63759 62746
30353 79130 71996 28154
21051 46469 100997 98804
21051 46469 11014 15720
56616 42505 6661 83935
13561 28731 58940 82563
81923 83114 13112 72574
22980 92044 47112 27579
19610 72281 29770 -2249
33017 78207 27978 -2086
18177 10434 57389 62315
15201 76391 53796 30381
15201 76391 81729 83186
82718 92775 1790 61249
82718 92775 75890 53360
-483 54385 76767 90162
73276 29744 3467 45743
28645 74391 25853 70989
28645 74391 77834 8276
861 31678 88286 69720
23870 36794 74292 3638
95868 75367 85519 11356
1257 63142 93918 53021
1257 63142 57324 62675
20059 88214 34685 5489
61471 30389 79463 96384
-1830 15214 88560 14314
42862 72585 73269 774
13332 29675 63759 62746
79841 36147 -630 56957
17183 70536 81572 94472
98069 100468 82529 11518
98069 100468 45818 -788
97338 61408 17076 85551
97338 61408 23241 36078
35069 99105 33970 4970
65140 67013 7282 17873
5634 55831 87355 85760
33237 4831 7108 59036
43736 72681 27673 1824
72226 65598 15806 3179
19338 8501 33008 102907
87670 11628 16853 71620
51193 15559 19273 87735
51193 15559 -962 84825
40628 64065 100065 97966
22876 49545 79945 73983
51959 19936 3255 64718
3590 23227 67765 35921
22521 52471 87400 12540
22521 52471 79852 74560
43868 67853 17157 3071
102342 51162 42768 42859
102342 51162 29957 76463
20367 87503 96194 46693
20367 87503 18628 74263
88425 93917 41754 20013
36149 100918 66215 32221
36149 100918 65395 64240
22522 51240 87533 6666
75125 52132 30352 100830
79335 68723 23630 33695
88409 76418 22473 49429
10081 86082 32579 30342
10081 86082 2237 64293
12056 25680 36112 98119
12056 25680 1337 91363
100804 72727 21883 49605
100804 72727 12890 12381
60399 48525 99123 98706
99184 23477 40670 67612
46336 71606 73104 820
46336 71606 11961 16822
16860 68938 87524 67946
9930 17274 9534 79603
2287 44142 98042 63379
20788 1186 31109 98116
36112 98119 79638 66906
5213 20063 33681 102357
61816 57824 10072 13791
81101 19065 30067 102404
55184 18011 95524 64624
55184 18011 54532 23463
28531 76673 103020 49552
-557 90216 55693 31791
84899 5505 77841 75620
95651 16789 55031 83132
942 74967 85936 88094
31953 6344 77422 70251
31953 6344 43912 4097
19654 13535 103443 52559
19654 13535 53697 61965
79865 75955 4888 55649
30327 -2907 7913 86098
68432 1934 1807 34906
96970 48147 4073 56973
28960 99193 53141 29295
75212 52378 28518 95678
75212 52378 14030 75157
86832 17020 37408 70846
29872 97617 46770 11654
11941 67819 58697 24990
45514 20363 9465 86557
80904 52090 21564 52244
98989 99479 63222 32290
79778 67328 14337 62991
47543 2943 18804 74894
12942 74431 101230 71545
12942 74431 29685 97454
26694 95996 100728 96445
19753 8976 24283 92930
21934 68730 103334 49930
96944 63033 25354 51411
54088 62242 87508 11981
27666 -1207 4957 20104
77815 68949 23702 33684
25147 53618 101281 16680
1676 86580 32979 30319
79945 73983 86818 85175
9967 95741 6342 20378
9967 95741 77969 75447
81449 53480 10132 23064
81449 53480 94146 65196
16816 74492 89283 11398
79833 74681 27753 98962
11273 25795 52547 95710
11273 25795 87859 70168
81516 19540 21342 92427
1478 58349 35570 6911
73294 6808 98356 74765
73294 6808 87534 7979
96466 50675 14652 3889
77968 78473 44726 2773
88908 91651 31626 67606
92659 51470 27687 95721
87365 13308 9814 25235
22345 66863 94709 89123
28905 33546 87236 18797
26169 2580 75324 56811
30343 52991 73865 1707
27074 76056 88873 10180
27074 76056 79430 67876
12282 68224 51526 16488
12282 68224 19766 9149
100482 71488 95436 88339
50602 95535 52111 29469
50602 95535 16918 66014
21842 2033 8967 80329
28896 24048 98565 74762
40465 71054 22653 12654
25956 1654 79798 76263
-1482 60046 65713 38575
6277 20817 11334 86535
-1408 57780 64159 86157
97418 22088 77751 96779
-1933 61687 75178 4109
63964 85976 2683 61573
24007 89291 19766 9149
7860 73940 79724 75084
46332 27607 2827 77848
12890 75928 86585 12686
79812 75924 5994 56299
69142 65761 80561 -244
59166 17843 11918 68159
3431 65505 48275 3391
3431 65505 64789 49508
19946 15084 97322 20030
26181 19914 10386 86578
76078 6722 39880 76579
76078 6722 79583 75113
80614 49901 27652 98212
23631 12493 19942 74440
23631 12493 16933 70985
80360 96559 42640 26716
55928 54078 -568 89154
74366 2960 22319 51033
81256 9182 58844 24584
9019 95784 26246 19475
84732 12259 51798 84910
86924 70073 29451 24271
86924 70073 33008 102907
86924 70073 597 86502
46152 12866 42856 72155
85730 87769 5275 81780
85730 87769 31576 97418
85730 87769 103084 48639
81729 83186 17176 71073
81729 83186 22048 66448
49385 15776 57234 83180
83215 12119 83660 87842
83215 12119 45001 67881
83215 12119 8214 59686
82494 82989 1105 75210
82494 82989 10920 77117
5578 57423 65377 38700
14269 62726 81204 72895
32698 101782 25851 32121
32698 101782 15806 3179
5127 59064 74842 4234
5127 59064 53882 67653
403 87218 59714 16935
84862 15873 78762 94936
84862 15873 10132 66738
7374 16797 63212 89615
58395 24703 18287 73858
25242 32251 45474 99036
83574 12587 76118 78006
75777 6972 46209 71313
84478 47108 21838 48931
79774 -866 85680 78813
49689 70137 2699 31658
83930 2135 -1609 15794
17189 10064 78125 70074
927 91173 24536 11696
22913 20340 79007 77636
25739 53823 88858 12382
62164 55480 2769 63025
17117 10075 79645 69848
13196 63808 103750 50165
18588 71396 33609 89367
103443 52559 83820 88482
16800 70677 89614 91505
40265 72015 100561 15804
20244 2201 42538 76795
20401 9732 10685 77052
39805 65614 102483 50079
40575 71539 20337 2452
36656 98809 642 11190
34873 5996 16102 77553
101291 19025 24932 4379
58844 24584 64188 50181
47545 16657 21125 48146
12900 31213 72827 30436
88828 75248 13670 74002
45782 27408 50904 95633
86083 78693 71329 1643
86083 78693 22061 50684
35448 6577 4041 65354
85521 78172 83126 12579
85929 94096 94180 16267
32148 2859 29960 100452
7744 73560 82178 83067
22048 66448 100949 97852
36509 52458 85884 85921
101741 96630 5424 92110
391 61691 26364 4037
13837 73387 85322 88169
13837 73387 88033 18881
12197 12868 17182 77225
77497 8943 10085 29927
54532 23463 99403 99899
14177 27937 46000 99241
5245 55645 95524 89657
81908 20343 13113 75563
95501 87901 5721 92525
49449 85314 11656 21549
49449 85314 46784 27349
48933 71168 18579 10012
48933 71168 46382 3244
46113 99578 11815 20869
-2159 60169 15112 76415
60516 88616 75096 6148
16757 66095 28958 2138
31289 101327 55443 41677
87407 85791 4529 55181
36843 68675 11378 21589
73030 65140 -1090 12794
84561 89339 29833 48818
85845 89621 2868 42892
10920 77117 15474 8374
23087 92401 44865 20085
23087 92401 17570 70814
74247 1797 22325 51088
100958 98713 21875 48368
-1620 61852 68596 651
9814 25235 88138 7904
45818 -788 97759 75945
21245 54414 87594 6515
21245 54414 4127 79041
31812 78750 34125 5939
42843 99657 80492 19196
75677 34420 86810 93231
75677 34420 1105 75210
13468 76369 74445 3410
77619 76258 21663 13283
93379 52502 12567 74032
93379 52502 79465 86595
41154 72795 81894 -579
8532 16223 38896 101679
78768 95191 84722 10506
2521 43711 88352 12957
5459 76203 95513 88678
5459 76203 96446 75585
22440 52530 89094 11300
22440 52530 75133 2543
22440 52530 72804 2120
50005 18271 44294 99701
44886 2098 74607 92652
27656 76220 76660 6739
18646 87007 64367 30836
94653 65135 73470 7267
1838 11754 11545 86967
1838 11754 10534 17101
29871 96870 46784 27349
84942 89429 21816 46916
95179 88864 12481 72300
79516 78209 12207 8322
79516 78209 42924 44124
16094 69798 103612 49880
85510 88309 44367 2305
29959 99499 32163 22870
29959 99499 45036 72535
15930 7696 1337 91363
260 12686 44673 67395
51674 15605 9172 86783
51674 15605 53818 68009
50613 18140 31519 102448
20574 84829 18435 2614
99250 63425 25244 51392
99250 63425 12971 7831
28820 1853 19655 72085
12070 16419 8783 85177
12070 16419 -1145 58741
23111 87063 62710 89981
31930 30064 23703 91926
88493 18325 2514 43455
37079 69156 100081 71796
36375 52150 88682 92387
52376 85352 72592 2982
29284 78777 87211 5355
51042 18788 22517 88832
51042 18788 32000 95944
54602 31887 22348 88208
44733 68311 13864 8794
97035 22229 85793 93812
29908 -1963 16712 66290
101498 16665 20583 53931
4299 20368 49940 40480
56736 24203 21830 1256
98929 61281 31976 96423
86523 11600 40934 72215
100770 73495 22609 33468
51023 32546 97511 74358
89015 13832 22437 23378
89015 13832 87902 10858
39531 72605 48591 -629
21949 50045 99407 63489
11167 44251 94986 88935
93696 55150 12135 28977
74594 1821 17515 74948
74594 1821 80484 94476
78710 35554 23107 69414
71317 2931 79151 86430
85251 9606 14077 65740
14140 73588 76071 89248
96829 46798 7022 85298
90063 91386 7368 73164
61407 67583 85681 5888
61407 67583 8200 74554
17205 72600 81112 51121
92316 51265 34906 100011
26438 54279 74170 2805
65237 37351 8526 85748
22564 91350 55858 42152
22564 91350 23031 86725
22564 91350 42153 72128
14096 63988 84847 46391
45828 20762 2851 78174
71664 28652 2317 64302
2970 47129 83712 643
58833 16914 18909 87670
19544 84690 93047 51995
52154 20117 -837 60925
31576 97418 10985 15836
75890 53360 14286 75045
21971 11994 54787 84923
3947 41146 58388 66812
13621 73795 86974 84905
23383 2748 43953 99453
98170 19605 2142 24004
98170 19605 9620 15069
31081 68550 100366 71825
31081 68550 59304 21612
12525 10550 72845 31420
102996 48393 29025 101008
30799 100242 14527 7273
34410 100146 102740 48434
30309 88566 84075 45221
30309 88566 81796 52586
64400 31614 17961 70668
32358 71798 73545 3627
37250 71750 96498 17331
10664 45346 97644 63322
61633 67880 80919 -345
13980 74263 79432 75069
90173 90983 84867 4995
30533 -2582 3580 79285
19213 3469 64188 50181
21203 51089 88470 76339
21203 51089 86801 15362
79986 69039 9966 27065
32925 90869 65863 32311
23372 85916 12662 26261
23372 85916 18804 74894
226 12651 45383 68128
99514 99027 52194 41786
995 32718 85471 47880
35434 61111 86926 17484
47522 71672 48210 -584
81712 94894 14245 61678
8967 80329 65314 65902
26692 -1164 84247 49494
51615 25864 19253 87244
22780 36061 97187 19031
80879 71772 79724 75084
79876 74886 42161 20919
21890 54513 74044 4450
84317 87096 69426 27775
84317 87096 7775 84837
25313 70904 32370 4266
55978 62820 47808 -163
28828 76087 68523 804
14560 76248 67243 33396
98494 74924 70396 3478
15568 5822 77236 10091
6367 76182 76441 89124
78060 70434 18552 2504
78060 70434 13452 76448
67087 33667 17833 70570
-2004 59306 76666 54110
33744 79895 781 12091
29366 31152 77545 69070
14030 75157 64942 52156
29294 31163 79065 68844
2903 41072 80322 68372
3143 44171 75279 3287
3143 44171 37049 18315
97932 100533 85420 10158
94851 46349 48567 94731
69404 27159 49779 95645
99747 25440 28840 26396
50374 30336 87080 77327
48210 -584 98453 61222
39150 101014 3201 30188
82435 92210 7731 73124
93924 16390 13699 73640
9645 29644 98440 15517
81703 51873 4800 56796
27346 97417 87025 66590
36777 68235 100095 71840
71568 52607 17501 10896
100440 70930 29530 87342
100822 16321 34773 61166
87902 10858 45818 85824
86356 10310 44295 99858
17795 2664 30459 76414
16994 69978 84709 46106
83464 11670 78416 97275
83464 11670 82305 21167
48514 85219 31280 23550
48514 85219 45606 296
82294 9014 76179 78176
64385 60104 181 85162
57728 83100 31280 23550
22964 66702 81709 92515
22964 66702 48711 25955
71832 2035 75523 70456
13725 74362 87673 67688
88016 13624 9584 29704
84806 70896 73939 6992
87342 9070 26544 761
85454 78516 84536 5367
2388 77620 55553 32391
6253 82916 65189 63915
97849 74825 83946 5543
72917 92825 80381 -1533
21038 2478 25853 70989
45227 85619 100324 15156
26086 49969 81561 93312
37153 20469 96503 19773
24481 11873 2081 87459
14286 75045 40767 71974
10486 86960 24081 11897
13954 8404 42838 76499
13954 8404 54787 84923
-1200 61017 59790 18183
-1200 61017 85801 12567
80945 73382 1875 62172
65830 -401 56451 83950
11509 21043 52536 95936
60972 58557 27800 -1595
60972 58557 7874 16486
60972 58557 54830 83204
98572 72308 28743 75589
71696 30115 1651 33564
27601 93990 94459 87831
63777 63730 12957 9012
63777 63730 44781 3157
37537 71211 84134 9346
79806 54391 44638 3920
79806 54391 37494 68781
59479 90186 85773 4811
27611 1831 45036 72535
76053 89803 14515 61921
99132 71857 72989 61698
99421 73537 50932 32586
99421 73537 64834 248
99421 73537 8564 80552
44789 99778 39616 16659
8830 13183 87906 70601
36905 101743 50353 14892
7219 93869 64050 59689
37017 20185 99358 25735
66887 32655 22038 91802
100437 17115 42859 44480
21472 91715 78788 34492
73988 1562 11164 86720
2514 43455 11063 86748
12495 30132 81336 53143
78779 36336 22256 46864
65153 52588 -715 13391
65153 52588 82577 91615
34524 97864 100355 96356
23031 86725 19813 9271
7329 59109 51762 16922
97398 22190 78165 94635
21762 50650 103342 50791
88751 11300 29634 52534
58725 16976 21178 86358
42342 76741 24366 3321
11115 66448 76041 53770
27657 2017 44076 68634
79920 96331 51861 31500
84869 90108 23366 32676
84869 90108 92554 51825
3377 22459 72240 52056
28845 98597 55559 41807
-1708 15324 86003 12007
8029 74974 76188 53364
75133 2543 6216 59793
72690 31694 15784 4793
86542 12636 13779 76984
59100 83332 10201 12577
88676 11139 29559 79940
54261 31484 29515 96673
13397 73988 75932 53411
54858 20857 99234 74096
12403 32599 83263 1335
4396 54873 90204 92257
80370 67353 1902 62460
71679 65842 27290 -1942
40750 76068 57793 17466
18733 2617 10765 77391
79659 77994 9222 12831
87641 19675 20407 15101
28619 842 23861 93317
1387 12350 21002 74447
13652 26220 2596 86776
84338 12096 60076 88332
22574 23313 86124 15192
15 12512 49817 71049
15 12512 67820 -98
11248 47863 85386 10458
81446 21535 22812 50532
98688 65000 37049 18315
29570 96772 53112 29410
81622 53696 6497 18508
25439 3546 19816 72005
76138 91404 12742 28310
1834 33310 67849 35441
76071 89248 22784 19524
79948 76533 3149 43515
69575 27747 46190 83292
62195 56944 2104 32286
62195 56944 94459 87831
86119 71256 6307 20504
86119 71256 4682 21521
93155 51932 17275 86003
78489 34147 27753 98962
29905 88252 92554 51825
88682 92387 83273 8760
70797 1115 94780 65428
70797 1115 3021 43934
42621 26818 80773 94415
42621 26818 44709 3168
44278 2765 87371 78640
7691 19247 100754 25780
79444 96076 61860 36859
32091 90148 46664 12009
97868 75302 45609 100035
17828 84008 81541 93830
14994 7851 20997 88102
14994 7851 46000 99241
14994 7851 10859 66561
89449 13532 14986 5658
89449 13532 89362 76835
84867 4995 78506 86332
78275 66998 14035 74648
16267 12441 97497 20156
24218 93290 21116 1416
24218 93290 78708 67885
24218 93290 47316 84027
24218 93290 57491 19641
12890 12381 2633 87434
12890 12381 87522 67809
42747 72798 48438 -638
42747 72798 19392 84937
24080 2953 48356 84472
13994 76160 31851 96280
13994 76160 36053 54251
13994 76160 75341 91319
88138 7904 8657 16371
21454 2712 17115 66068
10685 77052 63985 60128
65011 46683 1938 76939
-1033 14418 71824 31027
66339 32370 33528 97800
66339 32370 73450 1929
27437 1176 48697 86285
-1326 90424 71838 27408
10400 87392 25887 2813
9408 79819 14974 76668
70686 2657 92407 92180
73584 5986 92269 92022
45104 70533 98973 23338
2922 22389 81792 53512
2922 22389 23366 32676
2634 63276 64994 50212
11680 21631 48947 83583
78355 97335 84741 10404
52174 26248 7522 79176
20696 11943 81562 86001
20696 11943 81785 52451
66900 32829 21762 88163
11731 11361 89525 14404
11731 11361 27978 -2086
40231 17618 31866 79632
74412 91530 46690 12498
6233 59714 74789 4203
80015 72060 21413 89926
80015 72060 9445 16325
46426 11449 37092 101907
22052 20966 97101 64483
12135 28977 88901 77392
41445 71734 8410 17649
20197 74904 72616 92304
80326 86632 46648 -1297
81954 91154 84570 10698
23832 89165 23445 11792
85621 11761 6307 20504
28687 77938 49699 18444
86869 6428 36462 56243
86869 6428 47967 26961
25117 19160 32733 102400
77887 97063 94563 16126
77887 97063 72326 28601
328 57805 59718 18336
40235 69307 27840 1985
30175 87526 86890 67061
81354 54127 12120 9469
80797 94740 42117 19973
99677 62577 16281 69194
1205 75986 80403 66709
26715 2757 63847 53094
49940 40480 99621 99089
46021 84603 73119 202
26806 72310 94497 88863
26806 72310 3255 64718
54851 19620 99387 100082
54851 19620 80844 19106
20901 85556 84986 87589
55914 57697 -275 13148
57843 19551 36548 101521
86810 93231 14277 73335
85171 88291 17012 70830
10935 23129 64598 52124
12935 73194 101383 97531
55873 54254 27043 2299
29011 1645 15632 76453
80561 -244 55031 83132
93570 55365 8560 13909
44781 3157 76811 70403
94986 88935 44481 99275
57173 23484 43953 99453
1951 31838 65394 66348
10512 11956 52583 96369
10512 11956 774 11001
99138 23291 41630 71513
99138 23291 80381 -1533
76441 89124 37049 18315
94240 87775 32199 95162
87163 11740 61336 67305
32450 78932 20724 2100
30005 48524 80961 95520
43818 40729 2533 24281
82771 361 22741 53051
31236 7037 92490 55693
11326 16239 24409 88953
11326 16239 48699 25520
25577 3831 16918 66014
89746 13043 8742 15924
3759 21932 64215 63115
9137 12961 81449 75265
79152 96540 68005 27116
1178 75699 80978 72737
36758 52009 80640 95354
13280 29498 64854 66459
88482 7936 2603 24560
80334 94187 51841 31602
80334 94187 9620 15069
86839 77787 55448 20681
2527 41029 88206 69275
80484 94476 48699 25520
5522 93308 99678 71464
5522 93308 73545 3627
8180 16312 46286 99795
100213 63162 5022 56907
100213 63162 19351 88542
100213 63162 31676 97390
954 87446 48147 12138
25338 2623 92771 55903
13366 7994 55196 85113
80723 75510 29373 77980
76714 70578 46820 -532
59769 89478 79686 19680
72818 92355 82454 8339
23241 36617 87499 7362
6007 58196 79525 36088
87243 12476 25816 53818
31015 79490 58106 20600
97856 75769 43779 2902
97856 75769 6546 59879
17898 9188 63240 88471
17898 9188 7575 94711
29351 23143 89016 93768
13810 74938 67278 33459
24459 3571 40379 71486
24459 3571 29161 -2645
102539 49654 38620 74535
102539 49654 100754 25780
66542 359 41516 67982
29161 -2645 32393 80597
81624 71952 5470 82533
18973 10119 40658 68920
17515 74948 76277 54204
17515 74948 46178 85394
48758 71042 22258 12655
99076 24595 42924 44124
29213 78499 88693 11207
13362 9290 55265 57881
31562 89579 57763 23954
71384 2003 84928 71133
93724 53296 5331 57376
80858 54369 22532 4386
80858 54369 18424 3157
38911 76084 96419 17125
45257 27791 61937 87585
89015 12446 22444 52476
-714 13529 65137 49702
88033 18881 12176 31764
88033 18881 19816 72005
23254 33652 87220 69626
11245 44096 85446 89564
11245 44096 84734 10941
30669 78048 58123 20669
98002 100273 83946 15619
33609 89367 14768 28407
79276 75339 17253 68586
65236 37829 8550 75714
65236 37829 29132 34382
100094 71947 36795 65976
73405 570 40007 76872
51839 26434 14545 75273
9827 22270 87859 70168
6524 79085 21626 90852
30951 6089 98467 75617
17545 85277 87491 67168
19942 74440 20337 2452
3249 24658 74931 5872
94146 65196 84122 6001
78331 70177 44709 3168
51417 16129 14565 75764
18570 9311 49120 85897
24086 89630 18099 2034
94587 17174 77380 75064
77300 6689 14219 77267
30314 76436 20826 2218
19361 9660 32515 78572
10969 12912 42980 76285
46345 84634 66312 -434
19540 2874 57324 62675
18442 2602 16884 77714
58301 83870 26979 1291
81877 50924 45458 12333
82454 8339 86738 16770
13699 73640 85329 88157
4483 65483 26169 3857
45814 85878 87981 9712
45814 85878 29408 2469
82577 91615 71496 1027
99353 23293 37114 71466
99353 23293 29046 52275
27162 73316 87033 67737
27162 73316 94459 87831
87382 78172 9371 77381
62710 89981 30070 -2098
79583 75113 48321 16160
90253 13074 -1910 15273
37369 68334 93994 89053
78512 86049 84734 10941
-543 60855 45990 21587
16509 3319 86296 11653
40681 72407 24445 3527
12547 8936 72381 65324
92407 92180 81716 20551
38785 17215 62245 88088
20375 84647 75600 52903
38061 69357 73498 928
38061 69357 15453 76820
64253 49821 85414 12919
50717 96060 49699 18444
40996 17744 15810 76993
88373 67189 -962 84825
80180 74406 -1723 88186
45538 72486 17077 2851
56076 62644 45768 3527
10683 12544 48994 84016
10683 12544 29691 99019
53882 67653 98555 23475
53882 67653 537 86005
22921 49437 79006 76251
54357 85324 30987 3579
5169 77025 75185 2574
29629 -2964 22564 87307
20162 83721 4620 21528
84847 46391 101217 15624
87775 93922 55404 19913
1111 12538 26802 70510
1111 12538 27722 97460
88254 68256 1527 62417
55714 33216 -1006 60301
32515 78572 80561 75067
79749 96706 55468 23615
31939 71996 82333 -541
88156 11734 40487 67440
9507 29708 89631 13531
16805 77375 20109 9717
30886 89402 71970 27665
26036 54398 82614 297
85391 47435 31073 67313
78100 94991 98759 14710
87294 10771 60237 63646
51529 19777 12282 68067
4989 58906 77740 7563
36101 98345 12292 20928
96076 49211 22833 34624
2585 87002 13888 21468
2585 87002 81460 53253
85893 12075 54165 62237
30966 99840 11014 15720
30966 99840 19016 3183
36735 100962 53917 31280
22250 11954 48944 85771
43448 27213 26892 74041
10085 29927 85793 93812
11893 45936 71835 50938
11893 45936 80662 72816
56585 42769 7312 78389
47709 86402 9739 25011
10139 17102 49335 70830
18627 86699 64756 37306
51992 19292 2558 78244
51992 19292 8564 80552
101438 16744 21852 52271
49012 71507 16912 2897
49012 71507 71970 27665
89075 12367 21175 54136
523 57089 55641 33369
77157 9752 17235 12937
96959 65527 57788 24443
96959 65527 92918 55008
6136 84387 67644 33009
13878 65634 89423 11820
37409 71384 86824 5707
50001 14982 44295 99858
50001 14982 89025 77502
-1036 55412 88376 68590
25719 32310 35462 97803
85044 48328 9961 23310
3546 45753 71606 29535
34576 98399 44318 19799
87267 84443 7477 83505
87555 20107 22213 6018
2975 41061 78802 68598
30600 29893 51627 95515
8234 86212 71382 27608
45990 21587 21002 74447
22274 12036 48442 84040
87246 67997 22700 67869
2237 64293 73335 28860
52111 29469 81992 73101
84806 11429 76996 75798
84806 11429 46000 99241
2751 22635 85387 48360
7913 86098 37408 70846
43546 28412 97867 74554
47759 28335 9383 76166
6162 57333 76277 54204
6162 57333 22161 88767
12405 21340 33722 89703
12405 21340 58546 24581
57788 24443 31030 79307
45243 12096 61938 88332
35583 100830 78116 34058
7819 84369 80088 66310
5949 56407 80751 73656
63692 1065 101346 53153
30067 102404 49306 -559
25496 71016 28541 1903
82175 91734 79940 -1481
37433 68842 86690 11760
37433 68842 56785 62590
94040 53354 -1306 56138
94040 53354 8258 76178
47364 18249 99744 100148
79726 97047 85734 6064
24626 33046 58413 82357
2018 30834 63996 87440
31391 96837 14873 28051
30564 100177 19454 8631
20170 2399 44093 72653
55109 68670 72804 2120
47630 85438 49846 18950
31668 4347 40053 69195
87809 16859 16886 74232
87809 16859 52026 58318
3089 41711 76423 54948
20023 87391 103425 49042
87332 84004 6110 92711
29926 -2519 16337 77958
98792 63066 34869 58940
89094 11300 23411 69745
44578 68586 17123 3036
76364 88785 7996 83299
22679 91946 53440 29640
13625 73234 89765 91383
64488 49886 12923 9671
34263 98135 50900 25345
71542 108 79140 86565
34010 6276 34240 71672
57536 68162 21840 12792
55291 84466 11378 21589
45393 84088 86311 11034
75980 78070 86466 11228
30075 30276 62660 87467
8214 19862 89345 92625
9938 14180 64630 49671
17532 74869 74251 3481
76686 78582 72093 91689
16776 71624 89285 11535
5163 82755 36886 65936
67943 1296 12079 48300
77520 69396 29898 24303
29408 2469 7291 59148
87824 68097 10554 65766
8178 76168 73052 28295
87744 8847 18091 5437
45637 12259 53660 84910
75358 3732 1477 34820
13892 75410 81270 50987
13892 75410 33118 89779
85781 16125 59478 89647
84553 12333 55559 83344
79497 37942 6598 19258
79497 37942 7522 79176
71246 27956 46110 83282
87722 84242 -2082 87718
31289 3621 48013 84441
841 91605 26342 2613
42227 71814 9027 75969
97340 100328 97843 14456
94998 46855 45480 84109
78856 97558 74222 5723
55559 83344 31853 6068
29346 1459 8609 80356
12436 11872 29799 24027
84228 9809 35563 61476
89338 91692 22600 66741
86421 11336 76919 75802
97432 20516 17630 4881
97432 20516 55703 57265
60812 87597 68879 27542
74251 3481 85471 47880
85801 12567 29351 78434
35018 6418 13068 68703
44949 69268 102238 49905
59389 81871 4128 43261
59389 81871 17937 84925
59389 81871 9247 20350
80055 19915 52021 84546
33410 102570 10898 15590
82388 21745 3033 46124
76298 52961 5724 83437
89362 76835 75185 2574
86801 15362 8355 19743
34716 6130 19414 74743
29768 -2385 19650 75148
84544 16681 85453 77977
9942 25061 85448 11544
6386 20892 9053 84964
2965 21351 80893 75325
21634 51492 79430 67876
11656 21549 30070 -2098
77057 75738 83529 12695
81248 -388 54707 68789
45509 99653 24508 19291
25133 4307 97075 20543
25133 4307 67085 33530
21535 53706 81507 21384
63387 88505 72381 65324
92575 53622 29452 50519
101266 71607 12191 73122
89370 14678 14990 5604
206 56020 62286 55814
206 56020 6108 20399
73237 1364 46016 84548
76840 90009 -2012 57597
84707 45969 88823 14922
94375 89984 29366 48787
100569 25198 11579 31463
18497 2120 79217 78504
18497 2120 1651 33564
7682 94774 54318 40685
7682 94774 20474 15296
87573 6684 21690 50856
8694 16770 79684 77806
99591 74161 47371 19487
33344 98054 70187 27044
33344 98054 100366 71825
3702 47095 68342 1354
91768 91799 84103 10667
777 34364 90047 13309
88685 13662 29367 26957
86549 87473 22554 19871
-1317 83819 95836 88315
67613 33273 6787 78841
31881 6355 78942 70025
5221 42526 36438 97316
79369 68027 22911 48318
59607 83363 -451 11926
59607 83363 18099 2034
64967 66796 10917 22430
86968 84917 13758 73542
31706 102769 46683 11408
61264 57849 21663 13283
48161 27833 953 86699
29918 79010 73886 468
34944 71494 19245 9997
80437 74957 12538 29093
65395 64240 93918 53021
65163 31280 1931 77673
43185 68576 46382 3244
43185 68576 18435 2614
4041 65354 34168 97944
86264 9458 81873 91213
93140 91510 55298 16731
78708 67885 4943 56033
8258 76178 71381 28086
67387 33818 11527 67398
67387 33818 15189 5709
21769 49135 103342 50864
14768 28407 27652 98212
86816 85039 16933 70985
23777 2910 54701 85356
12490 12405 11038 86936
19650 75148 64994 50212
33533 79463 5220 21154
54563 58399 28105 -1588
73641 4529 30353 52857
77881 7258 2021 65321
89007 11586 22616 70555
47917 18543 88132 93987
47917 18543 9462 16246
81544 82484 21065 85799
79622 77335 9984 26670
45312 84147 88005 9794
6913 74069 19655 72085
85819 14695 28972 33742
71971 65134 21153 12936
71971 65134 30168 90208
21737 47070 86588 86178
17657 84302 85140 87649
17657 84302 22760 11185
26764 1054 62818 88858
89115 14214 20337 15361
9975 66022 99977 62728
76517 6062 30669 90431
12453 28170 82210 94350
85829 87598 37662 17239
81828 74384 1169 31456
14298 76491 72760 28280
81286 90954 98607 14902
48410 94015 36795 65976
89000 90155 29691 99019
76679 89185 1382 74915
67820 -98 14670 77590
67820 -98 34277 90167
76118 78006 22488 34512
31449 80519 48976 -1006
14238 62216 81869 83607
80311 68237 3132 43910
103804 49672 81264 -104
45001 67881 22430 92563
98185 72660 36868 68196
72588 62199 8200 74554
88319 94308 95867 64198
19194 2633 72408 1178
71641 883 77049 70286
16914 71560 3730 45500
40312 16773 30179 97374
99915 15995 53818 68009
29075 99718 50729 18270
76278 78646 80221 -858
22061 50684 97221 18335
63569 87888 10984 21426
63569 87888 22624 91847
63569 87888 6469 93179
12905 8835 64872 67443
100619 24449 10523 47197
84734 10941 28105 -1588
80228 85334 48711 25955
80228 85334 97778 74546
29212 100403 99061 61091
17207 77038 11669 16806
64389 61505 106 55749
20145 9779 16054 76066
78416 97275 25630 3338
25212 53262 99920 24160
64942 52156 3724 22454
54198 29993 6776 84531
26716 2894 63831 50209
48289 15650 80248 85825
48289 15650 51224 16201
74317 91339 50981 29669
21372 85642 54649 32009
88871 75298 12781 72946
88871 75298 3407 23481
9204 16657 24785 92564
34277 90167 755 11602
94987 89072 16505 67932
77559 9415 8795 20026
31258 88948 64154 37199
71362 48791 21825 91034
15989 76426 21508 2219
28329 1644 29957 76463
8074 95436 46083 26770
10523 47197 63240 88471
2633 87434 29668 1096
33034 30142 522 90294
79024 65557 30166 100190
99102 64378 28339 31376
81962 50501 -656 85619
81962 50501 50697 15096
33338 102324 52021 84546
82751 92131 1093 74775
4992 39687 36449 97452
14986 5658 58383 67737
62535 89855 21602 11759
57332 20320 47274 85373
6095 59556 77687 7532
94718 89984 22172 48783
94718 89984 29025 101008
51956 16648 3255 64874
18511 4017 78929 38668
58123 20669 83946 5543
99358 25735 10969 22607
41766 71797 96283 17329
96842 60945 27487 95270
99200 23284 40330 71659
9172 86627 51677 18893
9172 86627 20802 9230
54897 85409 12207 8322
31213 78434 46706 12567
84181 44865 28090 96036
47422 83637 43706 20502
21981 48052 98894 73619
54540 85436 27158 1217
76064 89260 14277 73335
88482 18190 2743 46293
21171 54190 89154 11221
103038 51680 97187 19031
79439 66032 21441 90213
80565 67534 -2190 58667
23321 71067 74200 846
84993 87273 55219 24064
25877 53758 85966 13742
80090 97111 48297 15113
84431 46157 22834 68909
18424 3157 17259 66047
33220 23568 7775 84837
74493 6487 12447 11738
74493 6487 54318 40685
89268 76122 4440 55641
87076 14223 2581 43651
91165 91242 69945 27568
43005 76097 10441 16851
22969 93259 47345 2069
86415 9266 78688 95250
86415 9266 22644 35777
71207 29477 11923 46958
64259 30898 20915 85695
64259 30898 73141 29135
22812 66894 84895 88478
44093 72653 9371 77381
56822 42829 82614 297
9116 29431 97838 19347
86027 6129 54158 62520
55311 41866 34053 97348
15189 5709 85198 12465
85521 87095 44134 27814
65162 33388 1962 33408
44134 27814 13487 65357
44134 27814 51085 15622
17275 71849 79638 66906
25630 3338 15793 76373
64836 47632 5604 56998
64836 47632 48292 18939
31174 97756 19425 8746
55703 57265 4164 22211
55703 57265 57525 23394
26342 2613 55620 83514
74635 6273 9462 16246
54707 68789 21830 1256
84944 12000 20535 15467
36445 98377 5081 20253
87534 7979 22507 23657
29685 97454 50697 15096
81658 -1227 78688 95250
13033 74392 99320 72365
22981 92792 47098 11883
35453 101542 80844 19106
74200 846 2868 42892
81872 20281 13864 76872
22515 52754 87533 6594
82013 8391 82076 91264
30873 101569 64173 36598
81289 74496 12497 29115
80492 67687 22428 48661
100095 71840 2743 46832
97687 22330 72093 91689
15063 64678 64538 31899
15063 64678 22700 67869
79518 76053 31853 6068
99227 74253 55008 17553
99227 74253 48081 3665
22176 88584 58210 24001
98860 74316 22700 33428
63240 87761 6783 55735
94975 50840 45951 408
97222 19648 22046 23101
87932 74209 32499 95808
87932 74209 99644 61799
77871 78649 46765 -917
100327 70518 31909 95984
26259 20253 8756 79461
26980 32436 8984 95166
26980 32436 41193 68228
16884 77714 93484 91084
18292 9351 54962 85049
13553 21054 9623 95708
13553 21054 83529 12695
81880 83064 14001 73630
98453 61222 41987 97656
7556 83351 77979 77258
40190 69502 28790 -2116
22624 91847 54589 31714
22624 91847 102238 49905
13607 61942 95125 89357
6091 79466 82242 20157
92269 92022 62818 88858
76040 34381 79182 94054
76040 34381 26863 -1409
89428 90804 20689 85402
29758 24049 80467 74737
10152 27704 76087 55615
40341 16658 29569 99795
83805 10251 98009 100528
31036 6586 96674 65168
9901 64344 101528 97953
9939 26778 80561 75067
31811 7107 80416 54239
22639 12611 40767 71974
22639 12611 80515 54337
74788 1750 13452 76448
56948 45849 -324 13712
56948 45849 92918 55008
89345 92625 22436 47147
89345 92625 40053 69195
78274 97394 86435 9163
29369 101119 95765 46045
31409 97821 14498 7388
78731 75574 48362 16138
92918 55008 22251 21417
68879 27542 19273 87735
17076 85551 76996 75798
19566 87508 45033 20318
65071 32808 3858 45597
31706 102021 46696 27104
1915 12093 9916 79850
85473 88578 10666 64791
81873 91213 11334 86535
79229 38373 12221 10219
81460 53253 9896 27817
88155 10367 42153 72128
98894 73619 80515 54337
10898 15590 64630 49671
71612 30595 3407 23481
12637 29370 78342 69154
4931 78584 2153 12153
30618 -3005 1789 88167
84093 44620 -1145 58741
46178 85394 80334 19875
20724 2100 9982 77229
7165 19345 67595 36106
12805 32480 74819 3843
12805 32480 81486 21553
70687 1096 97086 65820
100493 17782 58697 24990
17293 71454 79274 75202
34168 97944 52893 29354
58553 24569 14974 76668
30168 90208 87036 10743
87911 11560 45631 71094
20802 9230 2256 87585
99649 26295 30895 8437
1209 31434 95125 89357
13730 43540 80176 67628
30669 90431 103750 50165
96446 75585 73385 6769
98463 64527 17253 68586
17213 2647 100729 25968
64404 -155 86412 78779
9265 85396 1946 11829
101000 15842 31050 71216
15112 76415 58546 24581
21880 54647 74268 1628
81132 86402 29712 3528
7729 79830 47824 12501
65615 -639 60968 88939
77834 8276 3021 43934
88050 67552 5814 77209
31050 71216 59790 18183
87371 78640 89025 77502
33184 4800 8214 59686
56572 41992 7575 94711
1975 62449 78849 67579
28448 99147 63900 30258
68078 2627 9247 20350
41431 22113 95191 49807
58697 24990 35725 60942
67401 1072 35462 97803
71448 27170 6866 95417
86854 77604 55130 24524
17421 69620 75741 53619
24409 88953 76504 90134
18272 74041 58713 20860
-902 56452 85561 46750
84703 4752 81948 91437
24841 2758 103196 53072
38219 101919 22760 11185
-1017 84465 89528 74749
39326 71508 46566 3105
100729 25968 90042 12642
64047 46005 642 11190
537 86005 56907 42406
33554 6431 43796 68424
33554 6431 64462 67252
31909 95984 106 55749
45197 72454 24230 3525
31851 96280 5211 39743
64789 49508 6922 78068
36438 97316 71489 3695
36438 97316 99403 99899
100485 23598 13351 65073
54540 24700 99249 73913
82099 23206 9106 15440
82099 23206 33722 89703
72326 28601 23411 69745
47761 27857 9358 86200
8564 80552 30296 -2643
8564 80552 35597 98802
72408 1178 60946 64103
72408 1178 8832 76685
16249 71064 100347 23312
14032 74140 81216 72352
31172 68511 98456 72645
21348 46885 94757 90074
6119 78004 81640 50863
68523 804 -91 58640
86098 88918 -2453 57649
86098 88918 89025 77502
18017 5213 89304 13553
40942 72100 18960 9968
20704 51226 98955 73468
29076 49609 100462 72727
29076 49609 59478 89647
77979 77258 44493 28283
44376 27903 80434 85241
9503 29763 89710 12384
48147 12138 13497 7447
52360 85431 72935 1322
9852 16935 11164 86720
87888 8826 15061 5882
64376 67685 23317 3752
-403 12649 58595 68169
5814 77209 30352 100830
80897 75289 20728 12453
65863 32311 43539 99033
32039 3819 46456 99610
71784 51688 12950 30201
58907 20788 14208 75542
13963 74658 79795 66773
220 83909 63553 86419
96828 47276 7046 75264
7368 73164 98817 22131
29672 2497 1759 58559
41042 70842 10534 17101
69945 27568 73414 91439
83523 87907 86106 10759
1443 90489 13706 26044
23304 89468 34530 5429
8098 95762 45579 19925
2701 43507 89351 76700
57525 23394 36563 101338
84933 71189 71266 840
3159 44092 74936 4947
80723 20532 38001 71597
35349 57556 88730 92130
37426 68586 86831 17128
71489 3695 75539 70377
75185 2574 5111 59143
15584 7971 8615 85580
82447 20862 1803 64673
81911 -352 40785 68016
47098 11883 98806 99733
36000 55688 87254 68858
99403 99899 22784 19524
70739 1818 98478 75003
-744 90774 59619 20063
84676 45328 17679 86317
29492 -2198 25450 71212
58383 67737 94683 90752
79638 66906 7108 59036
1504 90961 12417 16143
81034 71832 17852 85055
22154 88924 58678 16854
71470 28926 6391 58537
50509 -119 -758 61888
6702 58381 87690 77929
16320 11004 96386 50336
27722 97460 79140 65687
88067 76418 29666 49433
27777 76458 74106 1749
12430 21829 49120 85897
100462 72727 21199 91210
66009 -476 52690 85517
35822 51857 100294 98547
-229 85086 72989 61698
16772 71679 89364 10388
81216 72352 22760 11185
50595 18741 31903 89827
65188 50393 -1457 59483
50700 18385 29685 97297
1834 87972 29668 1096
19476 1866 58658 83842
79725 74606 7836 83974
425 86877 59246 24083
93484 91084 48080 25681
96063 65320 43864 3399
4128 46103 59387 22190
1137 30946 82493 85096
89698 12610 9739 25011
10859 66561 81414 51408
79414 75624 14355 62596
20524 85841 72464 27834
78819 38182 20827 14220
76559 6620 29791 78717
71718 49532 14347 75479
13072 72941 42229 21184
81796 52586 2833 41824
11063 86748 11962 16344
58366 16336 28711 99810
27158 1217 41193 68228
8832 76685 59313 17437
87177 16111 30161 89952
81894 -579 9739 25011
55620 83514 83273 8760
22256 46864 75685 90520
51460 25804 22498 88498
29373 77980 92579 52314
2529 24336 90042 12642
89667 14190 8746 15869
36886 65936 98184 72768
86818 85175 16894 68118
18586 3023 13851 68865
12324 30377 6078 76041
81521 53725 8607 17916
47251 20531 102128 52226
57869 23598 29343 97049
31866 79632 13641 77237
31519 102448 15806 3179
1472 62057 89409 75816
22046 23101 80467 74737
26496 20313 46110 83282
26496 20313 12497 29115
30871 4662 56785 62590
101528 97953 58106 20600
4585 43146 56451 83950
95867 64198 47967 26961
79140 65687 89604 13258
34869 58940 49699 18444
19212 3331 64204 53067
6866 95417 4682 21521
100520 97811 31073 67313
9277 13215 78502 69924
13488 73487 89771 91371
79615 75198 29799 24027
42640 26716 89351 76700
62359 55661 98806 99733
63050 89172 10773 26106
24785 92564 66462 139
17401 3360 38745 61784
18628 74263 51224 16201
72541 1159 60638 88853
24411 32808 62930 87346
24860 19201 38119 101538
7088 83320 95436 88339
101074 71815 16215 68754
16734 12714 87676 14433
28711 99810 86609 86008
64648 37368 20896 85387
17570 70814 72605 28550
72690 91989 85151 16014
21542 86422 51085 15622
21542 86422 36053 54251
49817 71049 63917 86995
44345 26586 44564 99305
11087 76714 11961 16822
52690 85517 55961 17515
13346 28494 63457 87551
29843 23919 78677 77466
29843 23919 13452 76448
13487 65357 97630 17636
22589 50897 86123 13878
87943 12765 85966 13742
40096 67163 96363 17550
46566 3105 21579 88417
93523 54933 9557 22995
82550 -759 27375 76577
5976 56694 80176 67628
5976 56694 -2258 58402
10381 28908 71280 30337
81339 73746 11441 44850
54409 68214 87493 11697
48672 71474 24064 3571
97541 100256 93627 15974
101226 97665 16247 70384
30070 -2098 13304 69109
34113 97845 54042 31428
86296 11653 45708 71090
4902 57546 79577 36119
99744 100148 80006 73904
59478 89647 6311 58527
76636 69771 48461 16415
86823 5814 85116 48573
95072 50665 43912 4097
41344 71763 10520 17057
20352 74630 15025 8493
64556 31343 14688 76346
85222 44935 6211 94571
64588 37073 22148 91592
43186 72615 66462 139
33733 89477 12169 26092
31371 79712 50617 15941
100355 96356 1803 64673
22811 47543 10144 25995
22096 47539 79046 76341
23266 86789 14886 7914
16385 71347 97492 17351
16385 71347 51224 16201
89754 91926 13862 61820
88449 68437 -2565 58624
27190 95856 103084 48639
70747 27503 21579 88417
64045 63300 7334 18050
23167 51338 73983 4602
9358 86200 103185 50727
22662 50829 84439 47018
40767 71974 66462 139
96498 17331 65324 38669
3724 22454 28518 95678
23408 86575 11901 12422
5048 54974 76504 90134
20915 85695 81414 51408
21606 51205 80006 73904
58923 24445 7201 79262
31251 71144 96784 17360
76641 70350 -740 13954
78788 34492 62930 87346
77659 9386 6686 20618
63227 67883 47462 -404
33095 80079 14418 8233
73141 29135 6311 58527
101217 15624 26486 75797
21511 12835 64462 67252
81252 51542 14267 63743
72616 92304 86704 9406
26892 74041 45951 408
7690 95307 45884 2444
87254 68858 22528 49789
11262 22672 57719 61732
101115 15505 64630 49671
84650 49271 18238 3512
79862 -1326 83820 88482
45609 100035 22408 11274
45609 100035 2256 87585
14670 76037 64944 37814
89385 92644 21604 46762
15690 65405 51364 16623
32093 78960 28227 1525
77391 9817 12309 11579
41902 68684 73315 960
71381 28086 44978 82378
93504 91575 47658 15376
98380 65244 43508 13195
43521 28891 98380 64496
73180 3392 40018 76738
40330 71659 97778 74546
72980 91820 79057 19569
26099 53393 81290 21399
55961 17515 79219 75048
63917 86995 3684 40185
13851 68865 9534 79603
13851 68865 12538 29093
103150 53267 25792 -1343
72845 31420 84928 71133
13135 32565 67893 2046
96240 46815 19392 84937
6683 58073 65324 38669
21830 1256 9229 96651
10990 86503 13488 21492
33892 102788 774 11001
1058 62691 98101 62496
43367 67901 27690 2052
96954 65378 25139 2172
88937 11236 25735 53877
18381 4729 81657 23716
82785 2561 22440 6853
70462 3918 97097 65686
98817 22131 48378 95884
45884 2444 597 86502
28106 98281 71063 48446
9152 86293 52096 25909
2106 42001 97063 48860
75554 52781 21350 87213
87580 17998 21690 50317
54084 62296 87587 10835
76267 53225 22811 88762
64208 62054 25139 2172
29511 79074 82448 -878
25167 92811 1189 11476
86678 84460 19847 83144
64734 -527 79465 86595
64734 -527 89528 74749
65460 39278 3839 45289
63376 88369 3938 42952
41921 97216 99850 70460
16877 77482 21466 2169
99098 99269 60924 36707
54708 40923 -510 89781
75341 91319 29471 30093
81992 73101 -2258 58402
-1142 90171 67990 32733
64348 53046 16182 3776
6154 55624 76451 90103
39926 64570 99945 72014
92565 91003 67367 27380
65314 65902 3618 41190
86690 11760 52021 84546
31813 6090 80369 75592
16927 2278 48697 84505
95435 88817 7112 73286
46770 11654 22172 48783
86457 94308 83082 11811
71529 49024 18305 86141
44493 28283 78677 77466
