3018658 2051576 3189272 1902956
3818371 1514347 4052614 1675633
2979515 2104831 2815267 1683770
3486550 1568653 3582962 1320311
5559105 1723156 3766022 1612626
4544844 1963597 4796593 1965934
3468182 1174856 4340512 1297966
2628336 1019503 2580151 921071
2628336 1019503 2743083 2596049
4385294 2286610 3672223 1445041
4385294 2286610 4594178 1677271
4698978 1591842 4525506 1568670
3762833 1615284 5626081 1667336
3737235 1339454 4131604 1197233
4387911 2271346 4220354 2025169
4387911 2271346 2738993 1452778
2755323 1496299 2697172 1159077
3064651 1812656 2967639 2098694
3064651 1812656 3476628 1180567
2660317 1901802 3336538 1937864
5728986 1572668 5095274 1891471
5728986 1572668 4627471 1676841
4571436 1439800 4699176 1232183
4541950 1568812 4353660 1588846
5374748 1724416 5482499 1717833
5557809 1663040 5196554 1705490
4815207 1309063 4649764 1303307
4256758 1114198 3618094 1236839
5102301 1601318 5527669 1662244
3380867 2896365 3030423 2725940
3380867 2896365 5222081 1526344
3572277 1324014 3710938 1490879
3630154 1196959 4003484 1951663
5773412 1697776 3959517 1666898
5773412 1697776 4123444 1336255
4796593 1965934 4378257 1659477
4796593 1965934 3693707 1493807
4188387 582856 4216362 695801
4188387 582856 3458440 2758585
4188387 582856 3980052 1253607
2615852 1263912 2678683 1298314
3847014 1607097 4293299 1643909
2787226 2338944 2577970 2308557
5190115 1793480 5118375 1595068
4713917 1643276 5411347 1727967
3919581 1273909 3998936 1254574
4203490 2069157 3620630 1191364
4178633 818668 3982126 501733
3865356 1620664 3473102 1554351
2468797 1772020 2297063 1644882
3555746 1339414 3824785 1244599
3555746 1339414 2798800 1694373
3555746 1339414 3813015 1497421
5463390 1716254 4594178 1677271
5463390 1716254 4203209 590552
5463390 1716254 5731554 1832536
4602816 1533333 4646290 1286049
4602816 1533333 4711380 1724418
4602816 1533333 2616350 1276095
5514200 1721682 4709019 1643576
5514200 1721682 2606809 2028459
2882406 1886875 2758591 1671812
4032667 1649899 4237270 2054762
4099863 462039 3944931 579013
4099863 462039 4532715 1585291
3820888 1585525 4406933 2292281
4663274 1679580 4012381 1667765
3667668 1202765 3215710 1829741
3667668 1202765 4278599 1635854
2790171 1777960 2796910 1679747
4168703 815076 4190657 577176
2769184 2336635 2956845 2357060
2769184 2336635 2551124 1846818
2463392 870295 2530388 1208341
2463392 870295 4568512 1408594
2463392 870295 2951419 3026716
3036421 2028790 3188426 1904041
3036421 2028790 4700943 1600946
4851960 1690882 5574218 1663736
2747205 1365450 3057431 2054438
2747205 1365450 5783134 1700308
2747205 1365450 2284943 2053223
4378257 1659477 5473672 1717101
4378257 1659477 5207538 1488490
4489747 1770629 5481989 1695684
2688288 1934560 2749134 1249942
4001324 508871 3775467 668758
3852516 1645036 3742737 1042546
3852516 1645036 4186364 813240
4342429 1581178 4777817 1729839
4199370 1333752 4229078 1109584
4199370 1333752 5690501 1701833
3581649 721879 3795451 658614
4523690 1769429 4769186 1720875
3534987 1345871 4260716 1109006
2908455 2612430 3460812 2758971
2908455 2612430 2684470 1913468
5214281 1699515 5185548 1788506
5214281 1699515 3042484 2032993
5365311 1719278 5680683 1825727
5213446 1713388 5203093 1497162
5213446 1713388 5737609 1695036
4186364 813240 3819771 615721
5169127 1790436 5559115 1658995
5169127 1790436 2774859 2393421
4264568 1097893 3454092 1579245
5365578 1663370 5426656 1716916
3904347 541478 4219390 437396
3497993 1165310 3714475 1498436
4736586 1720013 5208295 1787530
3448014 1544596 4392204 1825515
4215771 438426 3980357 519840
4215771 438426 2785716 2319648
4215771 438426 5462570 1715476
5466491 1564219 5378406 1563502
5466491 1564219 4820122 2118734
5466472 1724681 5711310 1580610
4537119 1781535 4487188 1466656
4537119 1781535 3314043 2724662
4167258 1774958 4036001 1663223
2983017 2115928 2741712 1450735
3891358 1086838 4215452 1334836
2532659 2585449 2743926 2322350
4552847 1238171 4422106 1682283
4552847 1238171 2992559 2088180
4552847 1238171 4556756 1998970
4492528 1471913 4424979 1671152
4492528 1471913 3653451 1986566
4822995 2107604 4473575 1451129
5557134 1672246 5210730 1512178
5698441 1697942 5533909 1663400
5698441 1697942 3174663 1721774
4497388 1373925 4424747 1675818
5731829 1727895 5202412 1509528
5731829 1727895 2620736 2681534
5100648 1601043 5562376 1668014
4799703 1994737 4479533 1358738
3546084 1339082 4260992 1174459
3953638 575543 3917002 534900
3953638 575543 2682639 1131969
3953638 575543 4154435 2023740
5392546 1730118 5108736 1598086
5257873 1872734 5711585 1687974
5257873 1872734 4557359 1973527
3483899 1143607 4010448 1954203
3483899 1143607 3672402 1466821
2761737 1392558 2752249 1485181
2761737 1392558 4134849 423288
4595774 1499906 4794168 1988015
4517352 1771101 4902287 1685769
4517352 1771101 3040415 2083009
4517352 1771101 2995377 2085499
3952379 1192753 3632588 1233098
4089858 462981 4155050 559236
5475433 1567046 5190618 1504130
5475433 1567046 3849266 1587391
3043942 2082225 2658298 1259346
3048362 2739425 3004133 2613187
5278026 1893276 5288359 1256602
5474963 1557217 5200499 1710529
5474963 1557217 3851280 619525
4806297 1984723 4341072 1569040
4147683 2005692 4178392 2030379
4235755 428283 3560682 732847
3975083 1665511 5446530 1726908
3756627 1441723 4381275 2286768
5437537 1698321 5423230 1715252
5437537 1698321 3663659 1921098
3833926 1842831 3848174 1606927
3833926 1842831 2580151 921071
3903846 529051 4229911 698363
3476558 2763612 2907705 2612209
3476558 2763612 3553997 1320977
2528186 1196744 2509646 1113828
2773847 1410727 2497948 1103638
5467194 1559105 5363647 1670885
5467194 1559105 3451451 2756951
4119595 1201110 3989412 1258041
3750991 1609970 5874764 1778926
3327252 1939181 2855327 1874143
3327252 1939181 4307578 940063
4693484 1224162 4690979 1608247
4693484 1224162 3682080 1177616
5793260 1773902 5462570 1715476
5782131 1780450 5696279 1577955
3756807 1463503 4377499 1829377
4174204 546167 3687623 737431
5273438 1871347 5384704 1717106
2751109 1663426 3039523 2062983
3958540 568548 3814058 681809
3958540 568548 3944931 579013
5721959 1718143 5409686 1714308
4096954 1387053 4205661 1320540
2795758 1672083 2814375 1938908
5468506 1970694 5719158 1705934
2734583 2592243 2711204 2652350
2734583 2592243 2816140 1953281
4207174 589543 3821851 555369
5033503 1324747 4677173 1237662
3783051 666718 3842048 551694
3651081 1226072 3564018 1340296
3238991 1795819 3178780 1915134
3462211 1556644 4094072 1572506
3462211 1556644 2982440 2105897
3983007 514203 4160138 556797
3983007 514203 2959015 2357223
2886064 1875782 2681768 1904758
2886064 1875782 4392204 1825515
3684102 1908111 4648634 1503711
5685741 1818716 5259103 1866508
3809070 1495944 4247918 2062093
5721265 1573300 5257412 1878195
5721265 1573300 2308082 1038963
4761496 1646378 4412171 1662844
4761496 1646378 3711468 1490704
3544275 1318444 4065667 1684962
3544275 1318444 5130145 1512394
4752153 1876684 4745307 1636195
4677464 1305540 4748801 1413438
3970003 566431 3573337 726268
3970003 566431 5007832 1642283
2714428 1741499 2747889 1259135
5783134 1700308 3755354 1613714
5783134 1700308 4698351 1644664
4257565 1179476 3618055 1233730
4257565 1179476 5094400 1593247
4312117 1646480 3451828 1553121
3767527 1340616 3495467 1172825
3767527 1340616 4150771 1170418
5474288 1566423 5214675 1517217
4410059 2299157 3755256 1441133
2829123 2325170 2953991 2357606
5217542 1708534 5117069 1599113
5217542 1708534 4695174 1238523
5217542 1708534 3460812 2758971
3868289 1608326 3846537 1618094
3868289 1608326 5235722 1702584
2982586 2120138 2750769 1362322
3561350 1334527 3940418 1270102
2789487 2325767 2530489 2585286
2789487 2325767 3706277 1895722
3080107 1816824 2643048 2011182
3080107 1816824 5451063 1557577
2519919 1187786 2683251 1301939
3538309 1313365 4190958 1791618
3009351 2576705 3381871 2903471
4414897 1665661 4704245 1587224
3427577 1549079 4821382 1731368
5791724 1776835 5494839 1653886
5791724 1776835 3566058 1322095
4088977 450511 4173545 821107
2764819 1371434 2687541 1928775
2451438 2370300 2625594 2711365
4233876 697354 3820580 550235
4600363 1536117 4697799 1227596
5186018 1798335 5204400 1493116
3924043 1281776 3905235 1089365
3871414 1615202 3780906 1473702
4664510 1311316 5020838 1292126
2455968 865107 2686296 1317304
2455968 865107 3994111 1921620
3555411 1314764 4065136 1685137
3555411 1314764 4551996 1559715
2772470 1595384 2881745 1890514
4794077 1940118 4520977 1552085
3010321 2065394 3736511 1135368
3010321 2065394 2858804 1880892
3010321 2065394 4762089 1896123
3039523 2062983 4213864 1330012
3039523 2062983 2542164 2568917
2689809 1912634 2717194 1710380
2689809 1912634 4711380 1724418
5024100 1650005 5399472 1559417
2764796 1691619 2752103 1470940
3609299 349697 3794135 676337
2750484 1470809 2798800 1694373
5120940 1881606 5189993 1779835
5177779 1790394 5377429 1659871
3943841 580489 4122738 431040
3682080 1177616 4153354 1178185
4492471 1777406 5424788 1553351
5474412 1720790 5544577 1662312
5474412 1720790 4578290 1403696
2692461 1898496 2661507 2007293
4540214 1255754 4687397 1313048
3239187 1805026 3174663 1721774
2480393 2712797 2458352 2370232
4176980 1777490 3831838 1610039
5285013 1881583 5141637 1502151
5285013 1881583 3980052 1253607
5231596 1501578 5118959 1894856
5231596 1501578 3901628 1090244
3838969 622859 3783198 663330
3838969 622859 3994678 515109
3838969 622859 3571827 1323991
3650551 1226247 3575153 1336616
4604724 1677817 5241939 1704786
4604724 1677817 4711055 1644528
4481067 1489839 4665675 1294699
5109300 1601001 5380690 1668890
2741712 1450735 3705940 732099
5426066 1532970 4726216 1732135
5426066 1532970 5055939 1645825
5426066 1532970 4581631 1427833
5450834 1715724 4857836 1688406
2957059 3032446 2932443 2599407
4121942 1346549 4132408 1170140
4121942 1346549 2748051 1364365
5493245 1971414 5199629 1690805
2572586 891382 2787192 1642962
5715477 1589416 5378959 1539766
4373385 1822945 3843201 1598571
2505078 1110203 2624119 1272870
2620199 2912693 2553494 2985746
2620199 2912693 3904502 1093287
4524017 1256626 5027528 1294730
5546470 1660092 4707482 1646509
3828740 1506156 3834852 1847630
5690501 1701833 5700642 1581698
5199817 1489123 5282243 1882203
5199817 1489123 3687672 1905729
3054373 1830663 3183464 1720553
5291635 1264641 5209229 1724461
4361676 2259312 4168202 2018302
5701630 1695284 5466933 1719220
5701630 1695284 3012802 2585154
2585009 2725625 2619234 2694445
2585009 2725625 3187581 1913914
3517935 1142663 3295699 1974014
3981128 512546 4199589 591583
4155089 1745742 4291555 2276758
4658464 1284795 4632508 1697817
3687672 1905729 4573663 1553723
5790071 1776560 5529546 1659656
4531198 1576691 4579435 1423395
2556445 1842640 2456446 1762603
2556445 1842640 4790507 1942499
4242222 1116032 3923349 1198328
4242222 1116032 5204641 1702532
3786785 1603302 5558116 1723600
3786785 1603302 4897345 1690178
3998936 1254574 5427226 1727218
2652324 2614009 2715121 2651314
4711380 1724418 5737609 1695036
4711380 1724418 4155050 559236
3667229 1918717 4574637 1553104
3667229 1918717 3857397 1610619
2526483 1839669 3085658 1824991
3527359 1288851 4420911 2306409
2498695 1109424 2758162 1289234
4252109 1644808 4711997 1588217
3812103 684687 3999580 508113
3812103 684687 2617623 981570
3812103 684687 4534637 2112160
2984665 2612256 3457183 2758979
3318079 1941753 3047963 1820130
2773325 1593035 2863790 1939838
2773325 1593035 2795448 1766999
5406163 1711644 5795946 1774084
5406163 1711644 5399491 1666738
2580140 2308719 2741665 2335528
4581400 1432499 4489928 1385511
5443016 1717912 5022026 1642457
5443016 1717912 2737437 2593938
4483691 1478913 4610559 1524149
2739338 2578923 2611349 2932066
2739338 2578923 2978912 2073644
3593959 718544 3536927 728638
3696301 1155642 3854727 1639650
3005813 2583520 3456176 2760348
4035216 1650254 4183747 2047305
4035216 1650254 3813015 1497421
4625664 1296114 5035956 1321964
4625664 1296114 3009772 2618917
3837804 1615117 4051689 1670835
2549237 805054 2808383 1726076
5477486 1706106 5480014 1970685
3774945 1458273 3996589 1939219
3774945 1458273 3795663 1614050
3663821 1978376 3842705 1825143
4818606 2110134 4565748 1397993
4818606 2110134 3824785 1244599
4818606 2110134 4160130 1170312
4287338 1628480 3972189 1931114
2586519 2744922 2587528 2289224
3040415 2083009 2732366 1242873
3040415 2083009 3531008 728151
5410526 1715388 5704316 1695466
5664277 1826034 5709836 1712823
5664277 1826034 4710919 1729878
4083387 1576210 3686599 1478869
4662803 1305830 4541385 1256097
2879612 1931966 2441057 1758349
4524075 2113177 4315999 2090500
4524075 2113177 4651825 1292771
3831838 1610039 3935032 527634
4647261 1683598 4348646 1583380
4647261 1683598 5119634 1885651
4330729 1298106 3673634 1171906
4330729 1298106 2620736 2681534
4662334 1270562 4551237 1996710
2769454 2412786 2578817 2305040
2769454 2412786 2563542 833385
5700093 1698217 5499203 1657630
5700093 1698217 2663967 2611629
5700093 1698217 3926848 1075148
3929113 527148 3699294 738336
3929113 527148 3857397 1610619
3219138 1824724 3595696 1308117
3828093 1516879 3848451 1622449
3828093 1516879 3934172 1277799
3470174 1580328 3926848 1075148
2573824 897774 2761197 1508742
2764365 1695829 2761160 1382527
3699426 1162517 3789096 1495259
4260970 2071422 3534975 1300041
4260970 2071422 3907961 1280693
3839263 1606104 4456086 1664762
3747615 1344733 3913636 1086367
3747615 1344733 2509646 1113828
3528909 1311222 4388352 1836628
4205072 1329556 4109326 1197705
5439611 1705869 5379686 1556757
5411910 1536830 5023507 1651080
3474375 1138012 4210454 2071697
3455173 2753241 3026884 2732756
3455173 2753241 3553009 1321421
4381666 2260746 4351511 2247767
2918322 2512048 2934288 2624188
2867605 1879671 3069414 1823086
4688073 1297480 4526025 1582687
3857546 1636969 3637104 1211945
4309783 1290062 4113496 1340838
4309783 1290062 5180425 1491295
3831218 1523755 3782820 1478057
3026135 2732535 3470918 2757882
4633157 1698131 4644845 1278201
4633157 1698131 4582055 1671951
4633157 1698131 3789533 658128
4231304 2049683 4157958 1756555
4150208 553205 4191538 589646
4150208 553205 3033873 2734390
5379420 1534306 5705797 1704089
5480770 1978383 5461616 1544462
5724033 1725691 5366142 1555813
2912683 2506318 3052717 2744514
4539862 1977406 4901215 1675945
4539862 1977406 3994678 515109
3764766 672458 4226037 431159
3764766 672458 4574420 1417929
3764766 672458 2864597 1950439
4529376 1790719 4649787 1273792
4416587 1680022 4668746 1285643
5469346 1971773 5701515 1683258
3707502 1902716 3728917 1889111
5478204 1566425 5132437 1517159
3839513 553533 3836287 628088
2768436 1403333 2611578 1258911
3745862 1049422 3786885 1500644
2589030 2276314 2554978 3016049
4663479 1290261 4527196 1583031
2982440 2105897 2753828 1661383
3058178 2060223 2731520 1243958
3058178 2060223 5121514 1590442
4935664 1693692 3816426 1604726
4935664 1693692 4544010 1245171
4935664 1693692 2862832 1936067
3831052 1597070 4193470 2049837
5272708 1880452 5400043 1525907
2585035 2714618 2618697 2925604
2710610 1720406 2828072 1702076
3480304 1576351 3714130 1158656
3480304 1576351 3831781 558961
4359128 2258957 4221724 2025759
4359128 2258957 4200614 2056555
4359128 2258957 2562700 829616
3361400 2895433 3439243 2745495
4192481 2050281 3851815 1587746
2769362 2391603 2732654 2331581
5108439 1885874 5452527 1690197
5108439 1885874 5204641 1702532
5108439 1885874 2759943 2411404
4167282 2033148 3766817 1453800
4167282 2033148 3989412 1258041
3944801 1258813 3469319 1571582
3037903 2062852 2785114 1666180
4519705 1544321 4820798 2103166
2689424 1708440 3272979 1953359
2689424 1708440 5523102 1657271
2800637 1682443 2711916 1721341
3444076 1552128 4474905 1667333
5377434 1724599 5426092 1714000
5133717 1510413 5451324 1708076
5133717 1510413 3025567 2045906
2778990 1625186 2744815 1264674
2559950 842988 2583407 929476
2559950 842988 4546435 1223091
4680074 1313885 4694003 1238179
5108005 1607190 5407886 1538920
5223875 1502210 5281097 1881580
5223875 1502210 3749882 1049264
5144913 1510190 5216216 1712768
3764265 660031 4236558 692126
3546607 1339087 4016697 1251470
5394847 1540947 5381818 1564611
5394847 1540947 2752103 1470940
4343052 1596905 4764725 1399564
4343052 1596905 4794168 1988015
4215591 703094 4204569 429700
4215591 703094 3906115 523371
4166831 2017712 4390460 2271701
4166831 2017712 4476653 1484591
4254746 1182157 3677252 1177427
3564226 729284 4161320 503109
3564226 729284 2770925 1766685
3564226 729284 4860047 1687925
4007709 1264729 3735347 1060656
4790523 1648600 3802621 1616176
4260440 2071597 3546110 1296361
5186673 1499091 5558279 1672869
3931961 1283185 3738954 1059777
3931961 1283185 3562450 714740
2312651 1042588 2537566 1200136
2743213 2301903 2547636 3014831
5137144 1512078 5379364 1673124
4571549 1422342 4696786 1598810
4571549 1422342 3670852 1444451
3682413 1457118 4171301 2032990
2805127 1717670 2617623 981570
2805127 1717670 3710278 1169769
4198088 2064070 3734069 1298176
5677821 1826978 5425414 1693001
3008653 2599233 2953430 3032454
4522334 1757292 4797665 1975758
4522334 1757292 3938576 1190665
3477541 1179290 4143970 1204860
4710540 1723338 5755252 1717713
5265351 1874304 5554533 1655002
4815856 1309377 4636145 1296713
2797562 1687982 2776479 1605028
2797562 1687982 4579984 1677097
3748095 566316 3787525 666022
4069519 1673849 3463380 1551818
3015921 2057000 3246746 1789063
2692671 1710066 3204795 1919218
2687541 1928775 2767543 1292627
2687541 1928775 3777348 1598164
3841650 1576201 4405945 2292725
2641310 1013293 2307710 1051485
2991654 2613890 3310414 2724670
2991654 2613890 2731520 1243958
2991654 2613890 5382548 1555506
3847371 637707 3606764 351536
5681248 1828642 5353454 1658050
4539581 1259195 4700693 1240783
3842705 1825143 3072577 1820602
3778112 1490489 3930096 1262675
3778112 1490489 5527547 1648600
5719306 1687342 5095735 1886010
3872907 1622559 3749554 1319200
2947934 2323300 2956321 3045594
2455111 2371846 2548456 2678904
3595186 1301068 3229848 1972757
5725847 1577294 5161188 1794326
5048981 1643699 4876971 1691836
3506241 742482 4238348 427824
4050974 1537956 4367259 2282186
4787127 1981763 4743641 1631191
5413629 1555558 4726808 1731059
4377607 1660246 5487329 1700941
4814036 1308719 4674358 1310526
2953704 1478570 2743107 1481085
5492976 1716791 3972871 1665993
5492976 1716791 2707908 1711697
5492976 1716791 2556559 2694077
2617929 977106 2798694 1811419
2617929 977106 2746475 1461165
2535656 1837097 2893022 1879004
4120783 433918 3984881 520054
2743856 1260904 2799116 1704368
5675785 1826026 5468164 1712994
4388803 1660023 5252221 1705633
5218087 1518326 5402644 1543151
5218087 1518326 4726808 1731059
4111851 419512 4172456 822583
4111851 419512 3798879 1495118
2571628 887612 2807317 1722144
2571628 887612 5717737 1720894
2743010 1248775 2816887 1959066
4175992 1777934 3852600 1600715
4175992 1777934 5727782 1590547
2982429 2092156 3950074 1050776
5468332 1711845 4490397 1769859
5468332 1711845 4162093 553919
3072577 1820602 2801193 1931836
3851280 619525 3524673 733353
3605342 1297023 3016568 2057696
3549482 1342130 3956336 1187561
5096966 1879785 5693461 1818083
4300713 1309409 4303960 934542
2532538 2681316 2789389 2321194
5320762 1361518 5180477 1804601
5320762 1361518 4711055 1644528
5320762 1361518 3795663 1614050
5320762 1361518 3934116 1262517
4221904 2047540 4355352 1801565
3828504 1596715 4246992 2057294
3828504 1596715 4677173 1237662
3474028 1559149 3845922 1519894
5501709 1719768 3789471 1603484
5189747 1484407 5493716 1981242
4764961 1884992 4476339 1461730
5231718 1515222 5116394 1608319
3033684 2034214 3245900 1790148
2802406 1770221 2539971 1842277
2802406 1770221 4769248 1647370
4680188 1296427 4691612 1604806
4709019 1643576 2606809 2028459
3553997 1320977 3861504 1631777
3942863 576711 4143289 510375
3942863 576711 2839823 2326261
5496486 1980622 5131567 1497435
2656536 2013791 2796855 1762053
2656536 2013791 3943956 1277659
3779254 1613354 5281247 1707856
3779254 1613354 4769248 1647370
3051440 1826879 3245055 1800021
2732153 2334146 2779884 2337726
2547454 2663333 2476150 2698840
2815267 1683770 5204641 1702532
2458452 879193 2634131 1021497
2458452 879193 2464976 2712644
5688342 1835960 5204482 1504382
5688342 1835960 2792595 1674567
4301240 1629243 3680248 1915091
4301240 1629243 5815082 1777514
4301240 1629243 3957603 574535
4375022 1811778 3808838 1833076
4375022 1811778 5519826 1649232
3598433 1302693 3161664 1938617
2767543 1292627 2301699 1038183
2756523 1490182 2671984 1287539
5591374 1661566 3764486 1615559
4545387 1249758 4578759 1438963
3771003 1475551 4079368 1576368
3771003 1475551 4638703 1684509
3771003 1475551 3460812 2758971
5723866 1590544 5202791 1516069
2464976 2712644 2782108 2373457
2464976 2712644 5490157 1728066
4755182 1232669 4481653 1395027
4793401 1955686 4535166 1225152
4793401 1955686 5471687 1549178
3928720 1274236 3807024 1247703
4405212 1660718 4907627 1691026
5549383 1720624 3970185 1665810
2619188 2715158 2585972 2290642
5203093 1497162 4026601 1661080
4655594 1289208 4692783 1605150
4167723 554758 3823730 557025
4536657 1227988 4762089 1896123
4755573 1705348 4809566 2095498
3992007 1669423 5091122 1644766
4481198 1363742 4764730 1889658
2569440 2307628 2966357 2358442
4160507 1756910 4177781 2042226
4160507 1756910 5376784 1725368
3059699 2038297 2699580 1704396
3059699 2038297 4141636 1177338
5524739 1715678 4487711 1769676
5524739 1715678 2816140 1953281
5524739 1715678 3038210 2058387
3755533 1346142 3747355 1056779
5470830 1697891 4724084 1724282
4648634 1503711 3508891 736845
4648634 1503711 2285040 2057796
2315696 1057953 2473615 877457
2315696 1057953 3677291 1180535
4491445 1394111 4549545 1251894
5396570 1728028 5024238 1641976
4199589 591583 4532729 1784065
2682639 1131969 3060506 2065556
2682639 1131969 2776049 1422323
3909944 1076933 3825164 1542856
3663659 1921098 4649608 1503093
2452993 2368883 2592926 2741128
4761776 1222655 4343192 1605329
3714130 1158656 5190618 1504130
4232994 1108835 4117152 1349468
5195324 1499049 5376594 1673745
3704692 1498577 3703445 1162359
4199331 1330644 4229885 1174861
4485926 1391851 4665444 1299365
3907961 1280693 4242955 1112110
4203209 590552 3905117 534185
5008211 1648823 5733132 1584223
5008211 1648823 4102472 2126829
3779086 667727 3925314 530510
3715659 729224 3585448 718516
3042743 2088342 2683485 1130884
5375504 1732114 5466629 1556189
3861339 1593341 3992475 1932787
3018854 2060784 3185155 1709595
2533384 2677800 2771618 2395035
2533384 2677800 5316179 1357524
2765580 1401769 2671553 1291749
2780511 1603260 2712875 1725112
2625594 2711365 5022026 1642457
4248762 1638194 4782278 1727124
4374374 1822501 3822438 1607895
4374374 1822501 4215470 1638624
3845922 1519894 3753668 1325632
5755252 1717713 2778560 2334047
3700919 1169875 3757744 1340756
3907923 1277584 4243761 1177388
4747671 1237187 4639392 1300151
3770920 1612327 5456252 1729440
3770920 1612327 4637558 1664810
2783163 1589122 2657188 2022025
2783163 1589122 2542164 2568917
2746226 2589862 2466685 2702339
4391597 2294195 3539865 1285761
2707908 1711697 2884819 1884975
5229384 1704256 4868381 1688952
5457173 1714052 4724734 1723512
5457173 1714052 3207439 1828859
3801454 1484754 4407859 2297080
3801454 1484754 5380568 1655245
5566399 1665924 5016151 1644933
5797428 1782707 5375056 1530562
5407764 1525275 5110570 1893728
3848174 1606927 2575116 2309103
3848174 1606927 4022663 1668612
4568967 1439879 4751024 1230533
4568967 1439879 2657053 2611697
4578290 1403696 4555239 1990370
3786885 1500644 3769289 672673
2873545 1974000 2568474 875619
4578759 1438963 3928139 1195408
4156172 1175504 3622884 1233919
3944107 1191871 3806292 1251625
3564144 1317740 3881736 1622629
3922455 1276952 3938576 1190665
5873775 1779370 3771754 1600646
5873775 1779370 5179194 1497521
3929051 1194131 4122470 1204154
5011584 1302626 4858829 1090819
5011584 1302626 4700943 1600946
5011584 1302626 5110570 1893728
3219668 1824549 3584561 1311797
4628235 1700993 4748202 1218099
4208615 438564 4130634 516953
5366521 1562354 5716070 1588340
5366521 1562354 4534922 1777097
5366521 1562354 3940949 1269926
4229911 698363 3763990 1333058
4208111 583556 3802173 681095
4208111 583556 5241939 1704786
4745851 1236529 4677605 1313964
4706636 1220596 4414783 1683120
2455209 2376419 2546407 2582874
3722612 1892610 3839906 1829227
4638027 1700077 4542565 1237324
3783988 660731 3822370 677420
5202418 1506367 5227622 1520077
5202418 1506367 5418005 1716958
3811733 1235271 3829841 1535316
4242424 1639865 4915379 1692019
5377650 1555805 5482361 1725862
3493974 1165468 3798879 1495118
3506249 1203066 3541103 705565
3036617 2037998 3184309 1710680
4749972 1413782 4652870 1298321
5268975 1388657 5288790 1280632
5268975 1388657 4789062 1934652
4606030 1673772 5214512 1789732
5756300 1831494 3777348 1598164
3538494 1285171 4420381 2306584
4771224 1739854 4480889 1370875
5379508 1732146 5382548 1555506
5276702 1888470 5316179 1357524
5276702 1888470 5483553 1560101
2661507 2007293 2611846 2713940
5221566 1706444 5032571 1643003
5221566 1706444 2749177 1469874
4782278 1727124 5514038 1665348
3756496 581163 3611092 354229
4552417 1977936 4637558 1664810
4552417 1977936 4111086 2116004
2781318 1630519 2695934 1152685
2781318 1630519 2754517 1469041
5425414 1693001 4172195 2048608
5425414 1693001 4481512 1386603
3524527 736742 3854358 548359
2740155 2316231 2611846 2713940
3201069 1916522 2770925 1766685
3201069 1916522 2818408 1937140
2767678 1765060 3269253 1950662
2767678 1765060 4524311 1773227
3503666 1545171 3223520 1813436
4107937 1204786 4234237 1180854
4796273 1944556 4474848 1458893
4275265 1622530 4225718 2056065
5232546 1791572 4227321 1635125
5120173 1509469 5735746 1727898
3718251 728765 3531008 728151
2791883 1926008 3268100 1942998
5388450 1734973 5194760 1496134
4488551 1380925 4610327 1528815
4234813 691367 3800902 675961
4234813 691367 4261522 1174284
4234813 691367 4535588 1574161
5215955 1510472 5447408 1708073
5215955 1510472 2509646 1113828
3698416 1481375 3835237 1523597
2564252 1848419 2292517 1641244
4234606 1642053 5079569 1646070
4681878 1310788 4656113 1303225
4681878 1310788 5704316 1695466
3864511 1639510 3490848 1158592
4494317 1382981 4489227 1485635
4494317 1382981 5783823 1768764
5562348 1659344 4374035 1662227
3454092 1579245 4069293 1554506
5227151 1510249 5212300 1712765
2777834 1761015 3055973 2035601
5740951 1582035 4844020 1694772
4246992 2057294 2536616 2571379
2588780 2731744 2540047 2565954
4357900 1801920 4168382 2040083
4357900 1801920 4644845 1278201
4397211 2289749 4025051 1638709
4762692 1870680 4523999 1762295
3731533 1343650 4251356 1109112
3760405 562981 3529001 736046
5446700 1553833 5794016 1781599
5446700 1553833 3980052 1253607
3698049 1174079 3818009 1252472
2850495 1919122 3052513 2028072
2850495 1919122 3050930 1819830
2771715 2399608 2531336 2581770
5421950 1721997 5464417 1556671
5421950 1721997 2869296 1868713
2739312 2589931 2611886 2700906
5351383 1663196 5724736 1720577
4390109 1655978 5224794 1790579
4390109 1655978 4707537 1590932
4300266 1629861 3700691 1902104
4300266 1629861 5686599 1692628
5055939 1645825 4730841 1647188
5055939 1645825 3873279 1635712
5161649 1788865 5716167 1691968
5161649 1788865 3791759 1252257
3243487 1942526 3308768 1935925
3243487 1942526 2697172 1159077
2663967 2611629 2470602 2701302
5219382 1512136 5375448 1673122
4820726 1311323 4533865 1255836
4820726 1311323 3841125 1454023
2614469 969577 2871355 1969526
3757744 1340756 5376114 1558738
3757744 1340756 2718601 1705434
4696631 1296569 4346295 1601810
4113348 1357877 4312882 932234
4113348 1357877 2708439 1173476
2629402 1023434 2557760 838514
2629402 1023434 3572334 1339297
4012739 1256662 3629714 1230055
4012739 1256662 4855905 1695921
3819835 679259 3837224 622101
3819835 679259 5724736 1720577
3607555 348938 3830771 692267
3928139 1195408 4141636 1177338
3936991 1275118 3633321 1229176
5451063 1557577 5702386 1702981
5451063 1557577 2956347 1493898
3039668 2077224 2748051 1364365
4700943 1600946 4484236 1377490
2770925 1766685 4009920 1259344
5204503 1710561 5390882 1556534
3762872 1452323 4250118 2064170
2633697 2726537 2281270 2051678
2291741 1649060 2580549 1684289
4112482 2117126 4150822 2001561
3623796 1232642 4137006 1202320
3623796 1232642 2612949 2698174
5410065 1720848 5713996 1580793
5410065 1720848 4285969 2283140
4672037 1289351 4347466 1602153
4672037 1289351 2615266 2931029
5111865 1887539 5380568 1655245
4690826 1685127 3433794 1551281
4690826 1685127 4701175 1596280
2585934 915942 2506896 1127200
2540565 2652394 2620815 2928567
2678311 1310836 2623662 1000943
5106524 1598567 5438992 1720002
4581631 1427833 4485069 1483499
3005063 2583299 3471922 2764989
3005136 2620293 3027291 2590190
4707537 1590932 4345775 1587792
4707537 1590932 3960189 1176448
4760572 1887522 4568512 1408594
3487065 1175823 3943956 1277659
3487065 1175823 4163168 2026716
5177214 1787478 5389286 1721100
4528376 1564257 4638703 1684509
4416954 2311601 3610465 1179819
5031034 1324826 4729021 1236012
5701873 1575473 5664656 1832574
3525464 730755 3834680 674085
3566881 1335734 3824255 1244774
3618082 1191009 4257012 2076614
3618082 1191009 3772173 1470726
2957785 3037543 2917203 2492364
2957785 3037543 5626081 1667336
4657932 1303883 4643666 1296975
3551825 1337994 4140433 1197303
4140963 1197128 3540690 1341674
4531352 1779478 4608289 1509837
4201543 588705 3940089 572981
3853211 1588868 4163168 2026716
5449389 1694822 5174352 1788730
5497812 1976388 5103723 1586358
5533069 1662320 5716084 1720619
5533069 1662320 4127104 1177970
3798044 658156 3527208 731513
4195713 1325123 4305868 1290810
3257390 1794965 2792393 1933057
3257390 1794965 4221203 701833
4566847 1403590 4795545 1992601
4285969 2283140 4272396 1611717
4288221 2263434 4225101 2025546
4288221 2263434 4217725 435549
2762053 1402553 2745621 1275276
2742550 1259969 2826551 1724001
3831287 1457937 2813411 1946271
4227321 1635125 5533448 1668861
5591715 1659857 4484522 1772335
5733811 1714644 5160808 1787786
5419657 1717232 5512557 1656725
2460642 883667 2588136 927539
4223370 1336245 3725077 1057250
4223370 1336245 5108736 1598086
3737356 1134283 2992559 2088180
4532246 1550024 4557432 1983402
3069414 1823086 2792367 1788122
3069414 1823086 2778680 1759930
3723689 1064332 4252534 1187542
2972854 2039338 2955135 3059116
4155401 502623 3688518 739504
4797665 1975758 4113627 434055
4797665 1975758 5581652 1659034
4797665 1975758 4163645 1752779
3463380 1551818 3804947 684825
5484912 1970386 5374633 1712390
5484912 1970386 4328518 1303492
4148937 548071 4218240 697457
4417236 1680336 4655127 1279049
4095565 1394134 4234826 1171838
3031646 2595279 2913686 2513424
2517682 1840890 3270472 1799354
5364927 1664140 5440314 1700755
5364927 1664140 5209699 1695521
5364927 1664140 2418750 1757742
5364927 1664140 4791884 1947086
4607686 1535280 4544010 1245171
4607686 1535280 5094400 1593247
2795298 1683276 2824039 1703844
3565618 1905365 3735674 1888984
5178354 1496441 5732975 1728518
5716070 1588340 2811703 1686898
5716070 1588340 5803216 1766592
3492597 1177029 3827792 1252332
5216606 1509703 5433750 1724233
2744815 1264674 2929933 2619099
2744815 1264674 4151601 505985
5689017 1826754 5190306 1697694
4137006 1202320 5805817 1783836
5188236 1702840 5732504 1718689
3736511 1135368 3654089 1233805
3736511 1135368 5513580 1717884
4261522 1174284 3534949 1342762
3539777 1342951 4160130 1170312
3622884 1233919 5493716 1981242
5527547 1648600 5104866 1887855
5527547 1648600 4381327 1808278
5388551 1536150 5514038 1665348
5395327 1547863 5111162 1892652
4606778 1406013 3956978 1941708
5514768 1656243 5373212 1727349
3483122 1573670 3654934 1214959
5376784 1725368 5439749 1697840
4752072 1203866 4546964 1999886
4752072 1203866 5174831 1493777
4127104 1177970 4233324 1182131
4479262 1492936 4703566 1229653
5476064 1721065 5509871 1656542
5476064 1721065 3047355 2740793
5476064 1721065 5706528 1694985
5188789 1797714 5146219 1506145
5387980 1725145 5204641 1702532
5387980 1725145 5557008 1654088
5387980 1725145 2551593 3000761
2684930 1902274 2819653 1927947
2978912 2073644 2827936 2338692
4580824 1678177 5743826 1697238
4580824 1678177 3817952 1237190
2868109 1925106 2682623 1902409
3442694 2753944 3288936 2718001
2595314 919335 2309901 1055959
3300097 2730100 3208313 2499863
2520419 1835467 3212998 1913246
4131405 509660 4192433 591720
3507012 735188 4222166 580981
4320987 1578109 5228086 1794287
4113627 434055 4135158 517168
2786162 1768316 2881093 1882279
2786162 1768316 3033895 2053207
4545018 1965764 4792932 1920419
4547507 1232915 4534246 1792665
4249383 1641992 4769248 1647370
3312015 1937551 3175303 1908385
3312015 1937551 2514205 1834141
5457793 1717850 4711705 1643758
2693475 1309100 2305226 1037399
5120310 1608321 5149480 1515164
4488467 1777374 5508869 1554034
4488467 1777374 2816887 1959066
4111975 454287 3690586 741806
5805817 1783836 5198888 1506864
3004869 2061831 3851017 1210198
4477043 1770764 5748768 1692830
3387232 2907192 2896754 2498571
3387232 2907192 4529907 1771631
2306663 2076643 2100434 2202271
2306663 2076643 3727898 569991
3812404 1509268 4177906 1782289
4522468 1554922 4762765 1880554
2624592 2695794 2472477 2697294
3734069 1298176 4476203 1769685
5546613 1663264 5431662 1700797
2575116 2309103 2847165 2327479
5241939 1704786 4547580 1242790
5241939 1704786 5523102 1657271
3738954 1059777 3040100 2073014
3246964 1949275 3235744 1794193
3246964 1949275 5009903 1637137
4293299 1643909 5259973 1706626
3694562 1502553 3916163 1078852
3694562 1502553 4346295 1601810
3797500 1251170 4128734 1201437
2738148 1453864 3057862 2050227
4764244 1725284 4627471 1676841
5465899 1565294 5390843 1540915
5465899 1565294 3051658 2030421
3486332 1179745 3959344 1195294
4336019 2090514 4103663 2112890
3579110 1331424 3567445 1335279
3579110 1331424 4424747 1675818
5404389 1725840 4860047 1687925
3706321 1174961 3644305 1233945
2601029 2756301 2282825 2050260
2601029 2756301 3818002 633828
4786506 1977965 4756671 1710945
2981780 2109537 2767706 1584954
3024722 2055779 3061932 1814700
5375448 1673122 2100434 2202271
4254979 1640396 4651722 1680883
4254979 1640396 4799935 1990071
4254979 1640396 4626298 1297504
4616921 1518801 4350090 1591227
4616921 1518801 2690967 1139270
2720767 2653424 2533762 2569684
4131976 1210386 3729429 1063244
3638852 1230382 3820828 1249791
5423121 1666982 4218246 1641058
3813015 1497421 4165082 2031071
4054814 1677710 3772173 1470726
4054814 1677710 2694976 1148915
2953272 1482780 2752165 1392672
3838113 1536199 3638029 1216743
4347466 1602153 3840577 1602665
4362462 2272281 4151712 1745955
3549444 1309685 4190428 1791793
5268426 1859620 5489969 1963375
4549547 1982349 4697833 1572143
4154435 2023740 4036611 1651376
2588683 2727171 2542095 2661984
4029798 1639086 4297521 2281837
4029798 1639086 2687396 1914534
2300952 1032398 2783228 1414119
2300952 1032398 5125660 1601997
5874764 1778926 5717981 1827980
5874764 1778926 3854727 1639650
5874764 1778926 3330415 1936697
3771754 1600646 4284565 1640933
3000192 2069370 3949228 1051861
3800016 1604030 5280259 1708300
3765421 1452678 4196595 2056713
5574218 1663736 5464492 1699563
3541948 686720 3488503 1598824
3557123 1327852 3795872 1487386
3557123 1327852 3919692 1189698
4277814 1622885 4172195 2048608
2568197 1674872 2551124 1846818
2545406 2567303 2476247 2703413
5526343 1666479 5130145 1512394
4768114 1711051 4546200 1975734
4102472 2126829 4361039 1797790
4802635 1939207 4341247 1571208
4109582 425191 4220114 703309
3988499 1259318 4138762 1174294
3912751 1277774 4142369 1173415
3618055 1233730 2540047 2565954
2999335 2080307 3595053 1299618
4163758 555767 3906996 535841
3578967 727107 3851766 548818
3578967 727107 5410727 1724169
3504826 1172719 3570982 1342837
3504826 1172719 2813069 1937974
3886351 1088398 4320600 1302083
4354253 2256198 4324086 2083690
4174177 2045592 3622026 1192486
4174177 2045592 4069293 1554506
3828703 630127 3998789 510711
4869687 1684907 5201957 1789202
3998643 514100 3831781 558961
3998643 514100 4665444 1299365
5202412 1509528 3288186 2717780
5419820 1695483 5795296 1774854
5419820 1695483 4479896 1489495
4348114 1602467 4658419 1282757
3187581 1913914 3054177 1821455
2538517 2556364 2620912 2933140
2538517 2556364 4190958 1791618
5604807 1666107 4209594 1641099
4303066 1625777 3641899 1987870
3634176 1237922 3919038 1091453
4106286 2135355 4280952 1618754
4520803 1549918 4797738 1985633
5840398 1771447 4472680 1767021
4108538 2115649 4233657 2032583
3962077 573838 3739783 570706
4101825 2138070 4374619 1561738
3044176 2022035 3025567 2045906
3178270 1908085 3249701 1943852
5463767 1557441 5435607 1705836
5716772 1583227 5351763 1669736
4804783 1319219 4868676 1090029
4804783 1319219 4522704 2105335
4213864 1330012 3924699 1188138
4213864 1330012 5019225 1630248
5704242 1715305 5781752 1773910
3689497 743282 4134849 423288
3781106 1309576 3210309 1824655
5424183 1699227 5703666 1696236
3845847 548331 3703259 737328
5535140 1657174 5672596 1828684
2455670 1770419 2572742 1678510
5714186 1705218 5203252 1510608
5118375 1595068 5203252 1510608
2764706 2614896 2078622 2176640
2764706 2614896 3641722 1226178
2764988 1586998 3038862 2066622
3249897 1953059 3174153 1714725
4579984 1677097 5761469 1719915
5498742 1663091 5709773 1583543
5519826 1649232 5267004 1874579
4742609 1231625 4745698 1416958
5708605 1719049 5690122 1695292
5708605 1719049 4742543 1625594
5387606 1548495 5273300 1879376
3017098 2057521 3594207 1300703
3868936 1597603 3832938 1843275
3868936 1597603 2821060 1923002
3868936 1597603 4750620 1414096
3868936 1597603 5371559 1727074
5022009 1292469 4639916 1304098
3566592 1904746 3715231 1901972
4052337 1660112 3824204 1840298
4052337 1660112 5438870 1706357
2798369 1698583 2759541 1382396
4091947 1388613 4310809 1287787
4587993 1422484 4351468 1595814
3960285 569306 3777421 665880
4718859 1725988 5580556 1662064
4718859 1725988 4405945 2292725
4697833 1572143 4290770 2263789
3828637 1233486 3474851 1572788
5380336 1555988 5425954 1722029
2587528 2289224 4526080 2105122
4573888 1437017 4647668 1290635
4573888 1437017 2794203 1776192
2532699 2572416 2743083 2596049
2532699 2572416 4729654 1237402
2687396 1914534 2767877 1670495
2687396 1914534 4490976 1358844
2687396 1914534 5398870 1662940
2763558 1685227 2778098 1605160
2472477 2697294 5721309 1718913
5491372 1557913 4855905 1695921
5491372 1557913 5693584 1831728
2949053 2342984 2932824 2632239
2949053 2342984 5478357 1725829
5014489 1292208 4797839 1309591
4148920 511213 3824625 559099
2764381 1407886 2696740 1163287
2764381 1407886 4260185 1109182
5180425 1491295 5689487 1836583
5180425 1491295 5209699 1695521
4782845 1932450 4756845 1713112
5377429 1659871 4703566 1229653
4022663 1668612 4447353 1661786
2998805 2080482 3606188 1295938
3202762 1836399 3939582 1062954
3550214 1338208 3940949 1269926
3550214 1338208 4087209 468617
4473575 1451129 2884819 1884975
2536616 2571379 2660824 2617816
2536616 2571379 4685880 1304448
4233800 1174113 4117114 1346359
4019704 1259203 3483458 1176702
4019704 1259203 5480014 1970685
3743153 1336866 4007337 1251576
3743153 1336866 2568474 875619
5549475 1662013 5371559 1727074
3057862 2050227 2803288 1668304
5704316 1695466 2550195 808825
5264388 1366728 5385134 1741136
4194501 594022 4087979 461324
3174663 1721774 4000608 1939061
3789471 1603484 4281976 2252834
3697628 736489 3964085 565944
3697628 736489 2718506 2666602
5389286 1721100 2879940 1874615
5418005 1716958 5547263 1662494
5418005 1716958 4574637 1553104
4171578 2018089 4290770 2263789
2507963 1131131 2563542 833385
3957750 571146 3830657 627249
4644845 1278201 4757750 1875088
4644845 1278201 5444807 1690829
5207660 1502135 5117540 1608942
4069293 1554506 3982572 1934637
4069293 1554506 3583441 726411
4069293 1554506 2767706 1584954
3935032 527634 3575002 728116
3935032 527634 3480247 1561069
4211648 588847 3727898 569991
5845738 1776704 4360540 1656638
5845738 1776704 2723911 2647238
4192699 808038 3686742 724961
5376114 1558738 5514630 1664272
5376114 1558738 2985661 2131256
3715320 1479590 3480247 1561069
3715320 1479590 3832322 629097
2662412 1287653 2957546 1487781
2698734 1714269 3077456 1830962
4118503 1339278 4204635 1322815
5228457 1506204 5184873 1797711
5581652 1659034 3968649 1668743
2701014 1168288 2674628 1302867
5004008 1291608 5017939 1322179
3573337 726268 5024802 1644891
4164157 2026272 3832448 1598192
2737437 2593938 2651261 2616742
4122470 1204154 4652057 1288105
4097909 464917 3985970 518578
5514038 1665348 3196754 1911342
2308082 1038963 2633500 1276262
3841125 1454023 2606809 2028459
3885273 1630186 3489860 1159036
5119634 1885651 5217420 1694889
5119634 1885651 4690761 1233274
2863138 1931603 2787017 1765967
3702480 1503962 3749882 1049264
2843586 1924792 3197609 1908993
3509786 738918 4163912 502651
3509786 738918 4534246 1792665
5120105 1895480 5207538 1488490
5476825 1973343 5544462 1650286
5476825 1973343 4484755 1391507
5476825 1973343 2684094 1305708
3821259 1462858 3024002 1842934
2570321 886677 2834753 1741777
4186218 816629 3822849 544555
4649184 1299236 4542034 1256411
4649184 1299236 4128515 428490
2687973 1924564 2755761 1459848
2803288 1668304 2656230 2018255
4682527 1311102 4642494 1296631
4682527 1311102 5711195 1568584
4593528 1678041 5477047 1700093
3858567 1605793 4050700 1671279
2612325 1264697 2752751 1281840
4648715 1263968 4551886 1997024
3730744 1885645 3669152 1975495
3817952 1237190 3699239 1495013
3817952 1237190 3560287 1908246
4105640 459489 3823615 632566
2747330 1458816 2865028 1946229
4281976 2252834 4356258 2248144
2657849 2018386 2769284 1665550
3514158 1532992 3003187 2069194
2545228 795410 2892566 1928608
2550195 808825 2788258 1646893
4345661 1605251 4709928 1224304
4345661 1605251 2693669 1147980
4345661 1605251 5027528 1294730
2991534 2143699 2562856 867538
5423343 1698147 5721309 1718913
2671553 1291749 5405087 1665142
2740181 2305224 2611309 2945099
4297013 1576287 5731554 1832536
5506681 1659200 5543041 1665245
5374461 1558463 5549337 1670042
4358928 1584227 4431340 1665804
2943113 3037884 3225312 2485206
2943113 3037884 4087209 468617
2943113 3037884 4138422 2027758
5405087 1665142 4596955 1679705
4707017 1720674 5829239 1773654
4707017 1720674 4171477 818806
5506633 1700630 3972221 1666763
5506633 1700630 2778560 2334047
5561050 1672249 5128492 1512119
5561050 1672249 5184712 1700176
4359296 1803043 4139069 2016517
4412171 1662844 2813069 1937974
4495820 1475621 4355857 1593283
4495820 1475621 2929933 2619099
5731271 1696708 4844481 1689312
3691785 1176795 3949560 1195434
3204862 2491414 3372561 2907532
3206040 1910024 2666531 1903128
3795872 1487386 4254137 2064012
5267651 1383851 5316610 1381554
5267651 1383851 3738221 1063699
5267651 1383851 4000665 1954344
3715231 1901972 5719273 1717961
3560682 732847 4204569 429700
2756387 1370403 2864597 1950439
3727898 569991 4701296 1215340
4546509 1968600 4761620 1860856
5157285 1785122 5807798 1770585
4649860 1283667 4527845 1583345
3196754 1911342 2861541 1875468
5416944 1726371 4596390 1676789
2811703 1686898 3054360 2039131
2811703 1686898 2815334 1942679
4532715 1585291 4547580 1242790
5791055 1720452 3958677 1665819
3937624 527175 3520562 737751
4113241 1196956 4122855 1345272
4481715 1490153 4652057 1288105
4481715 1490153 4155706 1776261
2745475 1261035 2765112 1701614
2745475 1261035 3230378 1972582
2745475 1261035 2289186 2067180
5019225 1630248 5501836 1974298
4597894 1536195 4749647 1225947
4607217 1500012 4553862 1985784
2762112 2411567 2733000 2330630
2762112 2411567 3934969 1191544
5088806 1595729 5811059 1779604
4278599 1635854 4155706 1776261
3457414 1546739 4194810 1780505
3457414 1546739 3836635 1619943
2824346 1699380 2788864 1777025
2824346 1699380 5456673 1701751
3360650 2895212 3454989 2750136
5173072 1795475 5476269 1553172
2657053 2611697 2615803 2699870
2775632 1592900 2815334 1942679
2914693 2512056 3010498 2624014
2965813 1496738 2488807 1099543
2965813 1496738 4631337 1697473
3791759 1252257 4249293 1178594
3690541 1461591 4000608 1939061
3566058 1322095 3841540 1531182
4640668 1693613 4487106 1373077
2512692 1129194 2464234 874064
2798223 1684342 2762600 1681457
3713285 1177502 3498050 1180592
3713285 1177502 4703566 1229653
2787271 2318231 2577008 2743540
3538096 697833 3569398 1365450
3738221 1063699 3947349 1200820
4757750 1875088 4627780 1669708
5286217 1863704 5116358 1877612
3560181 720420 4246276 689250
4066520 1566959 4040798 1673128
4536887 1786201 4492048 1368668
5586773 1664266 4588303 1679747
5586773 1664266 5433750 1724233
4142687 1779887 4551996 1559715
4142687 1779887 4559628 1987840
4060468 1653147 3653451 1986566
4822763 2112270 4478435 1353141
4582055 1671951 5717981 1827980
2897567 1882642 2440202 1760698
4792723 1980167 4626115 1664704
3476628 1180567 4163137 1178044
3476628 1180567 3166046 1927328
3845077 1538739 3491774 1163391
4060554 1561880 4166089 1779784
3913664 1276497 4123202 1200231
4378150 2279892 3822258 1586115
3795342 1487561 3568258 1324172
4753144 1213690 4524454 1793581
5377536 1543779 5484773 1978415
5377536 1543779 5214675 1517217
4244616 1186134 3889970 1093919
4764788 1650086 4343049 1584975
4177628 1766768 3818238 1835219
2986860 2125139 2661016 1257303
2522775 1189350 2623276 1269101
5448553 1708696 5191898 1497385
5448553 1708696 4546200 1975734
2703870 1169851 2614653 1270030
3851863 1209113 2987106 2084617
3851863 1209113 4217725 435549
2868450 1869798 3051658 2030421
2437592 828788 3072175 2079993
5678471 1826208 5411757 1709162
5678471 1826208 5259973 1706626
3799724 1476272 3476228 1561227
2723911 2647238 2467747 2699606
5362619 1553149 5798020 1781632
5706390 1703014 5366982 1556893
2988203 2605440 3382878 2902103
3827104 1517323 3869214 1613125
3972596 565972 3518896 735903
4797062 2001202 4534992 1222984
3754514 1612634 5800777 1722985
4435801 1663089 4265261 1641243
2773004 1406958 2515645 1182785
2743828 2317777 2534708 2681479
4182959 1763886 3706277 1895722
2516392 1188571 2757319 1285465
4251356 1109112 3207439 1828859
4251356 1109112 4701296 1215340
3537566 698008 3580533 1361770
2697487 1169072 2748696 1286394
2697487 1169072 4375299 1827299
3490848 1158592 5100844 1647299
4309307 1298081 4123486 1172448
4527556 1790061 4688000 1287605
3741748 1042990 3873279 1635712
3799633 1845227 4568332 1556604
4687654 1238261 4813403 1312160
5484773 1978415 3026884 2732756
3922466 1086437 3562204 1343273
4492609 1769377 5421886 1721962
3225312 2485206 5554533 1655002
2305724 1049582 2683015 1053260
2305724 1049582 4649764 1303307
4753974 1407443 4568826 1431454
4190657 577176 2693669 1147980
4167933 822369 4206838 424020
2947128 2369654 2973236 2072170
3926848 1075148 5434425 1715028
3926848 1075148 5559115 1658995
2811222 1926915 2861985 1923939
2829317 1692882 2684470 1913468
4843641 1688232 5748914 1719385
4361039 1797790 4751024 1230533
4641975 1282614 4693432 1605464
4308967 932982 4195565 1342162
3826169 674057 3704196 731341
2820031 1694200 2879480 1885808
2820031 1694200 5280259 1708300
3255765 1948054 3050930 1819830
3255765 1948054 4016697 1251470
3766535 654351 4188899 811401
3766535 654351 5705426 1827450
2658609 2610280 2583134 2729633
2658609 2610280 4700693 1240783
5495081 1701934 4214819 1639393
5724541 1581339 5188615 1709380
4711055 1644528 5471450 1701689
3745413 571544 3843840 556226
4205841 434834 4188888 595283
2966357 2358442 5359717 1721761
4137518 1994147 4391856 2272823
3818773 626534 4207320 586155
3993463 1932343 3840577 1602665
5122875 1894859 5149358 1501519
3851766 548818 3741448 572553
4168775 2040505 3735465 1299298
4802563 1728798 3822764 1603054
3057286 2040197 2750263 1664511
4786815 1970832 4750177 1860749
4786815 1970832 3934969 1191544
5779503 1721756 4201275 1638449
5100844 1647299 3787844 1616238
3207439 1828859 3841371 1221292
5522427 1666476 5212383 1512453
4789062 1934652 4626289 1666871
2716996 2647306 2612949 2698174
5292941 1260596 5181802 1809407
2504706 1122725 2631929 1009901
2504706 1122725 4724084 1724282
3386507 2902094 2911993 2605615
4167432 809942 4217359 684987
4167432 809942 5462570 1715476
2973973 2059022 2931638 2645761
4020549 1240357 3465712 1572461
3994678 515109 3915047 537777
3994678 515109 2793450 1672218
3994678 515109 5494073 1728069
5705426 1827450 4845712 1683086
4411550 1659047 4774526 1726131
3796063 1847609 4643303 1506592
3795451 658614 2929933 2619099
2553468 2996753 2620736 2681534
3946977 1187667 3746027 1339909
3791683 1603003 5455263 1729884
5720029 1725658 5450223 1556497
5720029 1725658 2519870 1120989
5720029 1725658 4533865 1255836
5720029 1725658 2758162 1289234
3768058 1613578 5516355 1703163
3230378 1972582 3584051 1304748
4161903 1758032 4148468 2018661
3026884 2732756 4236101 2059588
5024883 1331806 4858195 1089430
2762906 1676993 2791790 1778091
4234237 1180854 2749895 1280277
4600477 1518658 4695408 1594224
4600477 1518658 4748801 1413438
5803216 1766592 5253509 1868990
2533039 2678751 2778867 2375071
4758336 1715948 4751533 1872887
4653011 1306745 4747022 1236873
4233430 1115577 4107976 1207894
3783643 1491695 3813933 1237348
3682993 1176339 4134187 1205001
5697607 1829638 5009903 1637137
5736015 1829821 4203346 1633303
2551433 815216 2762263 1512674
4054351 1537743 4296352 2286663
3505740 730055 4248869 688791
4057220 1548556 4236101 2059588
3771485 1615242 5444395 1668212
5386898 1535876 5548745 1671117
5386898 1535876 3033895 2053207
4723549 1586913 4009511 1672178
3579904 721120 3832088 674544
4246276 689250 4476203 1769685
2612412 2929334 2717022 2636298
4698905 1581967 4527037 1776044
4857185 1689176 5464492 1699563
4785324 1967995 4781489 1920313
4490976 1358844 4559397 1992506
4490976 1358844 3335294 1947058
4574420 1417929 4636510 1691477
3471922 2764989 4059769 1548911
4380353 1808897 3696877 1893578
4233657 2032583 5175003 1787960
2917585 2525196 2949778 2348081
5029295 1634965 5290363 1875258
3770379 671197 4108175 457649
3770379 671197 4493174 1772293
3458882 1576325 4163982 1159199
3458882 1576325 5712384 1829576
3458882 1576325 4240358 688764
4364063 1659302 5771751 1720763
5019340 1642275 5499423 1721744
2960402 1489344 2602437 1254816
4758363 1404912 4476653 1484591
3328107 1936833 2837372 1923466
3328107 1936833 2619234 2694445
2763574 1380628 2713681 1735713
4252163 1174390 3731494 1340541
3636115 1212389 3878309 1627645
3568418 1901280 3676882 1974751
5557008 1654088 4486175 1772609
4172197 554062 3729777 571647
5136441 1517191 5394123 1565742
4860612 1690840 5392532 1664612
3246746 1789063 4147901 1174622
4568826 1431454 3752291 1337193
2723623 2333218 2959015 2357223
2548456 2678904 2583407 929476
5105873 1599337 5452650 1703841
3553009 1321421 3882266 1622453
4087979 461324 4297521 2281837
4094205 2111859 4534637 2112160
4094205 2111859 4457075 1664318
2520417 1199969 2672791 1046099
5281247 1707856 3235744 1794193
4546820 1979532 4755085 1631297
4546820 1979532 2861985 1923939
5737609 1695036 5406560 1543154
4000665 1954344 3689351 1140656
4557359 1973527 4533777 1757398
3050930 1819830 4647668 1290635
4492121 1378543 4535356 1578827
4492121 1378543 2718552 2645888
3764520 1332883 3558616 1335210
5394985 1532918 5378916 1733222
3538920 1301518 4178134 2040400
3757687 1325474 3702109 1490809
4087209 468617 4210682 440866
4684503 1299862 4600996 1532675
3641722 1226178 3760563 1338075
5315710 1386464 5286564 1280736
2519870 1120989 2313493 1046357
2519870 1120989 2672791 1046099
2519870 1120989 5189076 1703919
4149857 505226 3804947 684825
2651221 2629775 2738280 2320239
4351511 2247767 4500943 1770405
3916219 1094134 3693373 1181619
4232518 1116854 4127142 1181078
4132845 1176882 4112765 1204975
4132845 1176882 4151892 1767736
3710301 1898632 3670126 1974877
5201957 1789202 3210309 1824655
5017803 1645208 5531693 1660154
5071818 1645077 4397393 1662906
5071818 1645077 4296352 2286663
5466093 1718140 5719273 1717961
2555024 2995336 2588067 2711297
4294287 1643465 3826252 1616421
3672402 1466821 4381519 1829219
2585091 912174 2524593 1206346
2585091 912174 3618094 1236839
4523384 1255236 5040826 1323911
2514205 1834141 3343496 1941086
4182253 817638 3906115 523371
5174831 1493777 5806962 1784459
4743870 1726942 5055319 1642027
3743593 1303771 3998082 1946576
2421718 1757442 3285727 1951025
3569751 1331530 3763990 1333058
5172202 1775751 5494551 1967369
5502698 1719324 3768708 1612808
4526923 1793502 4701296 1215340
3232777 1794493 3309278 1942974
2955135 3059116 3749882 1049264
4182578 2052131 4059769 1548911
4704245 1587224 5421194 1714300
4820122 2118734 4533894 1217388
4820122 2118734 3561452 725554
3983709 1262237 4239348 1112989
2767192 2391441 2778215 2334997
3458440 2758585 3288186 2717780
3458440 2758585 5409686 1714308
2686735 1918173 2781756 1594067
3803417 1248582 4004468 1255780
4579435 1423395 5009903 1637137
3789039 1479976 3700616 1483452
4086708 456190 4221203 701833
3073729 1828266 2776989 1770888
3678468 1455641 4254137 2064012
5179194 1497521 5715332 1705841
3550912 1339271 4159600 1170487
4320600 1302083 3826977 1827846
4722804 1731027 5497710 1556241
2795448 1766999 2686083 1909938
4723556 1640259 5208916 1791328
3728517 1064521 4151142 1183570
3728517 1064521 3711468 1490704
3728517 1064521 2509646 1113828
5755872 1721511 4697511 1643584
5755872 1721511 2078622 2176640
4162093 553919 3941967 574638
2792393 1933057 3697490 1476576
2792393 1933057 3584561 1311797
3511854 741220 4120486 454315
3511854 741220 4855149 1688224
5162879 1782640 5690323 1822709
4533318 1559848 4534922 1777097
3464210 1126467 4423918 2314141
4372876 1566991 4138422 2027758
2758695 1370267 2816140 1953281
2746052 1271066 2752996 1490966
5692193 1690146 5665117 1827114
5094400 1593247 5693584 1831728
4810934 1312239 4739502 1236611
2685776 1914402 2801882 1673250
2685776 1914402 5706528 1694985
5406560 1543154 5135849 1518267
3690100 1494686 4009864 1244061
3155418 1946314 3729601 1141039
2818408 1937140 2711070 1709213
2818408 1937140 4693963 1586376
5712384 1829576 4699582 1638438
5712384 1829576 4219574 581439
4532729 1784065 4579362 1413520
5727782 1590547 5120553 1516010
2464475 2715209 2792630 2319580
2464475 2715209 4489928 1385511
5093170 1599473 5719428 1700986
4479896 1489495 4690269 1301918
3992475 1932787 3704196 731341
4524311 1773227 4756156 1641121
2821060 1923002 2655383 2006126
5699802 1580618 5708144 1724510
5421194 1714300 5480287 1718314
5421194 1714300 2617623 981570
2768038 2387924 2760444 2408839
2768038 2387924 4168202 2018302
4810187 2099296 4742543 1625594
5509756 1644516 5478477 1973618
5020205 1295567 4677806 1239051
5479637 1719084 5434851 1698139
5719428 1700986 2732654 2331581
3941967 574638 2795130 1927633
3852144 1631883 3750543 1318756
2621351 2697408 2540540 2663401
2883298 1906901 2739848 1251259
2883298 1906901 5468164 1712994
2736480 1271180 2954019 1488565
3565133 1317296 3860973 1631953
5177076 1795507 5392188 1552489
2565745 844982 2461708 887598
5430517 1730926 4311348 1581126
4603347 1514246 4635133 1686890
3456176 2760348 5198207 1705764
4567021 1405757 4791884 1947086
5433315 1701072 5511906 1657494
4539695 1241736 4698302 1607411
4479376 1475478 4701175 1596280
4479376 1475478 3807015 687126
4817228 2105548 4594676 1494309
4817228 2105548 4279210 1624007
4817228 2105548 2879480 1885808
4231915 2037836 4145134 2005337
5468885 1977234 5711195 1568584
5468885 1977234 2840339 1923166
5390088 1533218 5481768 1726937
4200614 2056555 3681017 1455996
4626289 1666871 4709928 1224304
5480014 1970685 2699008 1147147
3746760 1335987 3931589 1270032
4771323 1879644 4342738 1574044
4128493 1170889 4204159 1330833
5507242 1719556 4855149 1688224
5717737 1720894 5498362 1656550
4522159 1562055 4769259 1730750
5548745 1671117 3941087 562168
3692975 1497729 3949503 1180152
5806962 1784459 2682623 1902409
2547636 3014831 5423230 1715252
2547636 3014831 4140494 1786855
3472929 2763620 2983915 2612035
2819215 1964399 2694129 1136786
5473672 1717101 5371559 1727074
2891500 1924677 2567619 877967
4059769 1548911 2983915 2612035
3821143 1501894 3994389 1937142
4313908 929959 4091799 1405652
4313908 929959 4216362 695801
5798723 1776518 5347860 1660532
5798723 1776518 4727511 1725946
2788915 1926308 3330415 1936697
5711764 1825778 4712611 1718192
5711764 1825778 3983741 1929811
3281182 1947387 2517172 1833841
4808210 2083361 4784052 1960231
2864451 1936198 2759446 1669464
3470918 2757882 4699176 1232183
4576461 1674433 5835456 1775856
5822901 1775326 4840118 1685568
3794135 676337 3917002 534900
3794135 676337 4345775 1587792
4758647 1726880 4744998 1643328
2548739 2999065 2720054 2632978
4630818 1683456 4693963 1586376
4415416 1679679 4693340 1292861
4752541 1239134 4537112 1259273
2440202 1760698 3483458 1176702
3808218 1614580 4672996 1682113
5410727 1724169 4726946 1723030
5410727 1724169 4749078 1855152
3685834 1908709 4183933 1763268
3685834 1908709 4575864 1425776
4509533 1773289 5066478 1639820
5562253 1654370 5103214 1887580
5725012 1591167 5178733 1502982
3571382 729146 4011043 505996
5484181 1979491 5389973 1521191
5280259 1708300 4264529 1182016
5024802 1644891 5384714 1666800
5024802 1644891 5278927 1888365
3554923 1325775 3842070 1531007
3554923 1325775 2660111 2597369
2538491 2567371 2621449 2701981
2538491 2567371 4765689 1733131
4608362 1519712 4529821 1572104
2750263 1664511 4368428 2277360
3741448 572553 3927106 535042
3939318 580274 4217725 435549
3939318 580274 3077456 1830962
4180123 546654 3563331 727210
4180123 546654 4111086 2116004
4180123 546654 5217420 1694889
2858804 1880892 3254228 1797449
2858804 1880892 4129188 2044237
4131050 426650 3769289 672673
5092330 1598393 5737071 1723663
5092330 1598393 3904502 1093287
2694976 1148915 2801443 1709701
2694976 1148915 2563542 833385
2779884 2337726 4138762 1174294
3171186 1715025 3312211 1946758
3587298 1306374 3162194 1938441
2741711 2314814 2579177 2743703
2741711 2314814 3184309 1710680
2649051 2629612 2783841 2323656
5122244 1504324 5692258 1835962
4566795 1220935 4129188 2044237
4353660 1588846 4388352 1836628
4368428 2277360 4026421 1639299
3051992 2739417 2927922 2613361
5121014 1510549 5718102 1705221
2787832 1664137 2980821 2105766
5714861 1696013 5189076 1703919
4225101 2025546 4621133 1678513
3477721 1568584 3768372 1321770
4128515 428490 3822525 634042
3939582 1062954 4149066 507825
2289186 2067180 2467457 2400976
4180135 2025126 4111086 2116004
4180135 2025126 3177400 1716350
2547930 804120 2835819 1745708
2547930 804120 3972221 1666763
3746350 565557 3824162 681952
2887471 1870837 2652221 2008610
2887471 1870837 4228534 1185050
3654089 1233805 3500868 1177911
3654089 1233805 5458542 1559147
5235722 1702584 4735280 1724058
3025281 2584452 3047355 2740793
4559628 1987840 4486117 1456832
4005124 505509 3695674 739367
3751894 562954 3707733 736631
4663406 1280386 4528727 1790405
5391221 1734353 5136579 1509162
5438870 1706357 5109089 1885105
5707092 1697900 5352224 1664276
4363072 2260434 4138889 1994737
4388170 2299212 3611836 1180409
4699582 1638438 2461708 887598
3434955 2752089 3451451 2756951
3201175 1831575 3972922 1164254
2816140 1953281 5511906 1657494
5270576 1872598 5444807 1690829
5316610 1381554 3841540 1531182
3812652 1841602 4294935 1632742
3812652 1841602 4738659 1645000
5230392 1519457 5144238 1519395
5230392 1519457 4026421 1639299
4223355 436387 3821081 562662
4223355 436387 2517172 1833841
3481126 1156060 4068674 1692694
3481126 1156060 3566294 731585
5281772 1872375 5209699 1695521
5281772 1872375 4771455 1735188
4533865 1255836 5771751 1720763
3901628 1090244 3999791 1263320
4383037 2268587 4322715 2083100
4595948 1502074 4790507 1942499
4693963 1586376 5660754 1823370
5363619 1730965 5716208 1580311
3056625 2043836 2764142 1588083
5495277 1710190 5106403 1884922
3777379 1494411 3945484 1180310
3676434 1906566 4381327 1808278
3841371 1221292 4240358 688764
4194395 2054636 3811619 1496299
3768311 668895 4151601 505985
3768311 668895 4304518 1301000
3583441 726411 3757813 563440
5367651 1670917 5383113 1558422
5545333 1670009 5458542 1559147
5545333 1670009 4538658 1565104
5761859 1699079 4202116 1639529
3010498 2624014 3720070 1058810
2760499 1386166 2778244 1619401
2995377 2085499 3678160 1190586
4163645 1752779 4111872 2128973
3500868 1177911 4138422 2027758
3040100 2073014 2738993 1452778
2621593 1286404 2558131 825991
4743816 1633358 4783465 1936248
2877633 1874750 2858823 1926423
2757319 1285465 3847635 1828482
3983741 1929811 4044740 1655849
4304479 1297891 4224878 1176421
3781895 1473258 3850651 1624526
4304518 1301000 4224071 1111143
5747289 1580363 4710919 1729878
3061087 1815785 3042484 2032993
5023507 1651080 2683251 1301939
5023507 1651080 2869296 1868713
4476203 1769685 5766411 1715506
4758132 1409578 4481512 1386603
4668746 1285643 4709928 1224304
4638630 1674634 4529907 1771631
3977775 1924732 4170031 1762505
4910919 1694734 4336090 1582849
3055666 2040065 2784268 1667266
4672007 1682557 3828981 1605256
4672007 1682557 3743662 1047345
4219136 699531 4130133 504526
4388083 1808152 3534551 1909214
4207719 436490 4149438 560498
3618094 1236839 2824039 1703844
2708763 1709348 2866864 1934299
2708763 1709348 2828072 1702076
2625058 2942525 2451463 2359292
2625058 2942525 2810367 1929264
2744163 1256439 2792682 1798118
4136247 515692 4090753 465054
4136247 515692 3270472 1799354
4549776 1247227 4486586 1492100
3013140 2062713 3677314 1191671
3013140 2062713 3745560 568155
5395550 1535834 5367059 1671993
5103214 1887580 2530388 1208341
4412314 1683198 4758484 1218947
5483553 1560101 5020096 1649972
5519797 1720086 4591492 1677089
4690038 1306584 4484755 1391507
2807317 1722144 2820886 1691851
2807317 1722144 4747022 1236873
2807317 1722144 4481512 1386603
2834753 1741777 5711310 1580610
4374035 1662227 2879480 1885808
3778966 1499235 3912144 1079010
2735084 1240829 2983333 2125924
2735084 1240829 4627471 1676841
2699008 1147147 2716756 1746831
2458823 866670 2626322 1284467
4447353 1661786 2764711 1765360
3833083 1544265 3743662 1047345
3848687 619984 3579114 723718
5199744 1702831 5490832 1718861
4263977 2079154 3471826 1137657
2623662 1000943 2793450 1672218
2543597 2649073 2557142 2998299
3033895 2053207 2869296 1868713
3875490 1630326 3695312 1156086
5431149 1706989 5271227 1871829
3468586 1575504 3960189 1176448
3468586 1575504 2815334 1942679
4212784 1638441 5537830 1721927
3020950 2046408 3513312 1534077
3842769 619497 3703405 733939
3842769 619497 5274003 1874263
4391856 2272823 3061705 2059438
4391856 2272823 5743826 1697238
4391856 2272823 2609676 2713777
4166089 1779784 5757289 1831050
2865344 1956225 2740702 1248910
3803005 1507125 4375299 1827299
4209593 442342 4110083 437618
5461731 1556489 5478357 1725829
5775119 1834064 3382161 1544189
5775119 1834064 5660754 1823370
2720670 2648852 2535810 2665713
2815994 1939040 2761754 1669328
4246004 2057738 3849266 1587391
2655383 2006126 5212300 1712765
4742543 1625594 2837653 2326098
5717981 1827980 5458542 1559147
4190692 815933 3728896 559177
2591924 2725557 2474032 2695877
3927106 535042 3999791 1263320
2774859 2393421 2465321 2711693
5487556 1710822 5268541 1871646
4243029 1181310 3923310 1195219
4243029 1181310 5103723 1586358
5439019 1706944 5392123 1534170
3711468 1490704 3561142 1327694
5581176 1665862 4705830 1646234
5204482 1504382 5485476 1973302
4211247 1641374 5570100 1660337
4211247 1641374 4580363 1683637
5806492 1774630 5184712 1700176
4621133 1678513 4897345 1690178
4621133 1678513 5359717 1721761
2749895 1280277 2672300 1297534
3968375 1922589 4367425 1807515
5515366 1703607 3788821 1604254
4714481 1646192 5399491 1666738
4284565 1640933 4030415 1669605
2867671 1961557 2691822 1136922
5482700 1970868 5421079 1702273
5482700 1970868 4649764 1303307
5392774 1533400 5425361 1723105
4379075 2284691 3802825 1485344
4379075 2284691 3826252 1616421
4759194 1882936 4597440 1504910
2585998 2279634 2618651 2946318
3840879 1828608 3702170 1905598
3840879 1828608 5206334 1506370
5398870 1662940 4727511 1725946
3775277 1603310 5799788 1723429
2830724 1687937 2654923 2017320
3979856 507413 4226292 699393
4613314 1680701 5061536 1644229
5107159 1892620 5479407 1548546
3677291 1180535 4253939 1116880
2580280 2727938 2718552 2645888
5278927 1888365 5269445 1359718
5236343 1706382 4722250 1644304
2816571 1949070 2749638 1458681
2776704 2392822 2578471 2305991
4228246 696516 3938817 567847
3768372 1321770 2568474 875619
2681568 1319242 2555275 824427
2681568 1319242 3870037 1626763
2792367 1788122 2750790 1466345
3805926 688602 4129305 425892
3941087 562168 4180587 815790
5257033 1871654 5729228 1710651
2838962 1940586 2279436 1636855
5218818 1509221 5387304 1734350
4305868 1290810 3654934 1214959
2579217 2730670 2740868 2588513
2579217 2730670 2879940 1874615
2556559 2694077 2284943 2053223
4184125 1784208 3681802 1468965
5853490 1777696 4197752 1635786
5027787 1321388 4797206 1308202
3695312 1156086 4484522 1772335
5495399 1723834 5103838 1598385
5359717 1721761 5798158 1773602
3070269 1820737 2849650 1928995
3070269 1820737 5421886 1721962
4481653 1395027 5103723 1586358
4395134 2301752 3465581 1127057
5017939 1322179 2824039 1703844
4385042 2260533 4280605 2252244
4385042 2260533 5616359 1664803
4385042 2260533 4690761 1233274
4580363 1683637 5753506 1582565
4061165 1550034 4153265 2028565
4698351 1644664 5738229 1698834
2976813 2096122 2872014 1866669
3245055 1800021 2652221 2008610
4695174 1238523 4655480 1306666
4476582 1776225 5758448 1578156
4476582 1776225 4774526 1726131
4138762 1174294 4479707 1360905
4138762 1174294 4142882 2025043
5217420 1694889 3309278 1942974
5379364 1673124 5368213 1550667
4487711 1769676 4316138 1294216
3030920 2590181 2928926 2620468
3786513 1487491 3753668 1325632
5515333 1659159 5361355 1666120
4377161 2280336 3843021 1576791
4364903 1660382 5754108 1698086
4364903 1660382 4197752 1635786
2297063 1644882 5271525 1705323
5716167 1691968 5810936 1765959
4100869 1386305 4123444 1336255
4100869 1386305 4220114 703309
5708121 1583268 5533448 1668861
2618336 1277998 2626518 1002507
2871355 1969526 5114564 1901746
4355626 1597949 4500679 1377633
4584702 1418776 4420589 1673683
4584702 1418776 2882983 1896905
2740822 2609227 2580180 2295686
2874611 1977932 2546083 793061
2546407 2582874 4143289 510375
2672791 1046099 5544462 1650286
4755491 1416043 4536971 1250849
4683058 1292014 4631337 1697473
3550055 1297838 4177604 2040575
3550055 1297838 3828981 1605256
5323900 1356892 5114564 1901746
4643970 1679890 4417767 1661249
3285727 1951025 5479530 1562191
2683251 1301939 4226292 699393
2683251 1301939 4534922 1777097
3693707 1493807 3934116 1262517
3693707 1493807 5404625 1529901
3768708 1612808 4132403 498846
3768708 1612808 4296352 2286663
2791936 1792332 2759847 1377932
5456673 1701751 5021376 1643227
4114267 1194681 4101306 1393047
3061705 2059438 2657452 1260432
2518719 1193904 2708439 1173476
3217543 1916884 2424965 1759068
3765537 665165 4209855 584315
3765537 665165 4207447 2063965
3765537 665165 3942319 1057531
2663284 1901502 3274224 1944165
5351763 1669736 3907891 537915
3914008 1099520 3739809 1068523
4729654 1237402 5017736 1295645
2752751 1281840 4484522 1772335
3836635 1619943 4076242 1569492
3752291 1337193 3815426 1244705
5094895 1884931 5736949 1710018
5094895 1884931 4132403 498846
5094895 1884931 4218246 1641058
5094895 1884931 3640229 1218820
5741095 1721573 5007832 1642283
5497710 1556241 2711916 1721341
2885626 1912234 2690967 1139270
5205206 1705448 5376123 1663916
5176484 1796583 5404625 1529901
4486575 1392165 4651825 1292771
4223502 432998 3818002 633828
2547676 3001798 2742370 2575602
4677605 1313964 3707733 736631
3980052 1253607 4316138 1294216
4686928 1277781 4550066 1996366
5434425 1715028 5202430 1703014
3839906 1829227 4709928 1224304
5510626 1664239 5460195 1559422
2660262 2016487 2718601 1705434
4482246 1471065 4640900 1688947
2310967 1059890 2572923 836778
4013635 505537 3516942 738781
3817501 621401 4234023 693965
2862832 1936067 2793450 1672218
4187155 810642 3803171 670281
2686083 1909938 4003117 513404
3923569 529751 3815723 683657
3707511 1495896 3644248 1218662
2769284 1665550 2690967 1139270
4223924 1128183 4307616 943171
4750351 1862917 4783154 1925316
3038045 2744855 3220792 2499160
2673634 1049868 2502720 1120822
3922996 1086261 3551069 1346954
2684094 1305708 2502222 1108639
2544311 2669520 2542164 2568917
2544311 2669520 4457075 1664318
5809733 1783838 5116650 1506806
5447408 1708073 3817201 1519173
4546435 1223091 4556756 1998970
4319012 1297259 3919692 1189698
4123444 1336255 2502720 1120822
5494551 1967369 5483063 1720748
4198618 808525 3562450 714740
5182703 1804497 5274027 1363711
4367425 1807515 4420381 2306584
3795663 1614050 4936653 1693248
3795663 1614050 4206917 2064140
4476030 1468863 4771455 1735188
4144955 512222 3907891 537915
5483063 1720748 5362892 1663188
5712066 1588308 5450602 1563037
5712066 1588308 4693340 1292861
2502720 1120822 2778965 2379644
3572334 1339297 3709748 1169944
2785716 2319648 2609676 2713777
4572069 1436359 4685880 1304448
3288186 2717780 5450223 1556497
2778675 1615190 2751442 1474580
2615266 2931029 2657079 2600690
3847635 1828482 3560287 1908246
4815783 2097700 4625017 1659107
2964970 1492969 2506504 1178690
5286339 1877348 5113793 1591075
4751214 1645530 4628092 1680639
4456086 1664762 5811059 1779604
2522403 1201872 2631086 1006132
5616359 1664803 3966996 1668469
3078700 1821769 2672595 1907330
4487261 1476531 4535588 1574161
5680545 1833756 5368213 1550667
3966996 1668469 5487329 1700941
2693669 1147980 2828879 1729334
4688056 1577041 4754879 1879501
4238350 696658 3726627 564857
4076890 1558769 3823035 1845124
4215470 1638624 5481423 1718094
3697490 1476576 3854671 1624368
5490157 1728066 5213920 1509520
5490157 1728066 4613629 1515093
4254137 2064012 2474032 2695877
5198207 1705764 5523102 1657271
4133434 1167865 4100393 1394324
5271525 1705323 3983417 1666539
4840118 1685568 2686203 1128841
4151206 542391 4170582 816732
2742985 2591476 2534748 2668446
5203911 1711637 5403319 1533946
2712223 1716877 2794203 1776192
3204795 1919218 2865028 1946229
5246881 1700377 4500943 1770405
3264938 1945482 2858294 1873843
3264938 1945482 4500679 1377633
2879940 1874615 2810367 1929264
3490087 1576211 3508678 1161606
3983671 1259129 4240154 1178266
4009920 1259344 3688911 1173751
4009920 1259344 2551593 3000761
2784268 1667266 5713346 1581562
4749078 1855152 4809876 2088365
3766206 1465647 4180106 1784366
3819688 682648 3840303 550935
4224730 1193460 4307578 940063
3529001 736046 3982572 1934637
4722048 1723330 5513580 1717884
4722048 1723330 4315999 2090500
2778965 2379644 2530990 2582721
4264529 1182016 3471800 1180378
4264529 1182016 3923310 1195219
3807015 687126 4106431 456891
3472114 1554795 3886118 1611340
2686203 1128841 2985661 2131256
2686203 1128841 3764486 1615559
4110853 430325 4193412 595498
5104593 1606082 5479530 1562191
2277129 1636990 2887418 1937745
2880787 1886743 2792595 1674567
4479707 1360905 4796042 1949222
3791915 1492578 3640229 1218820
4279210 1624007 4142882 2025043
4213655 580953 3685744 735774
5552066 1658497 4589956 1680021
3714342 746947 3613099 346334
4859909 1695954 5407291 1557229
5482050 1971637 5434736 1686113
5124201 1890625 5121514 1590442
3181713 1918919 3177400 1716350
2718506 2666602 2581243 2292954
2718506 2666602 3546123 1342190
5736949 1710018 4180106 1784366
3710278 1169769 3561199 1342977
3710278 1169769 3699239 1495013
4075254 1569936 3857397 1610619
3835401 557931 3922632 535738
5213805 1497494 5492570 1980619
5213805 1497494 4030415 1669605
2813069 1937974 2823193 1691715
5111301 1884623 5392424 1716474
3582117 1339156 3504296 1172895
5108597 1606115 5395449 1561507
4794004 1930243 4522508 1759459
4207447 2063965 3537524 1300396
4091732 468832 4115695 436357
3975648 1668427 5434673 1665679
5523102 1657271 4117894 454774
5364080 1725504 5706528 1694985
5391352 1566362 5194622 1504163
3038210 2058387 2778680 1759930
3038210 2058387 4201275 1638449
2668223 1042474 2616350 1276095
4522508 1759459 4665675 1294699
3994111 1921620 3826977 1827846
3994111 1921620 3836287 628088
4026601 1661080 4364652 1819968
4597130 1512044 4765689 1733131
3543951 1911357 4190689 1763142
4808384 2085528 4780391 1914716
5274027 1363711 2847165 2327479
4152982 556935 4133284 511316
5539511 1657966 4853613 1691157
4228534 1185050 4227690 1116665
4228534 1185050 2502222 1108639
4228534 1185050 4613629 1515093
4695823 1238837 4641861 1300072
2562700 829616 2525659 1210278
4743641 1631191 4132403 498846
3709748 1169944 2592926 2741128
3709748 1169944 2652221 2008610
2929933 2619099 3009772 2618917
3809819 1230916 3870037 1626763
3809819 1230916 4639252 1291727
3508891 736845 4182715 546195
5222081 1526344 5318780 1374768
4319681 1582154 5255513 1709341
4380469 1658995 5427226 1727218
4557432 1983402 3827792 1252332
2542095 2661984 3817201 1519173
3707733 736631 3480247 1561069
4206917 2064140 3548659 1296716
4534637 2112160 4745218 1239970
5218679 1517250 5390207 1565739
4167870 551369 3820651 628191
5815082 1777514 5004309 1639619
2700426 1703311 3041936 2061083
2776785 1600564 2791129 1781731
3670404 1197342 3158237 1943633
3670404 1197342 5008672 1643363
4750620 1414096 4639252 1291727
2551593 3000761 2660111 2597369
5500433 1651404 5674249 1828959
4493174 1772293 5410029 1660733
2938941 3027418 3312924 2704979
3696502 1477020 3875433 1615044
3696502 1477020 4490397 1769859
4040798 1673128 4690761 1233274
4040798 1673128 3210309 1824655
5435731 1710983 5175003 1787960
3801403 688388 4224292 430400
3796587 1252446 4147901 1174622
5782592 1774990 5686599 1692628
3993012 513261 3950019 576574
3036597 2061917 2812549 1685813
5210130 1719551 5272721 1367756
4230519 2036714 4174447 2028902
5271227 1871829 4474905 1667333
2820886 1691851 2861525 1935132
2754517 1469041 2714112 1731503
2882983 1896905 2746475 1461165
2824998 1707614 2775172 1604094
4234020 1106560 4095603 1397243
2686456 1708740 3335294 1947058
4229836 427796 3684974 743068
2476831 2395265 2092331 2187099
2476831 2395265 2879480 1885808
3955806 1187736 3560617 1338450
5724171 1717662 5363240 1724424
2749177 1469874 2826236 1714006
4891128 1687976 4751689 1724754
4217681 1638142 5434978 1728211
5492138 1714816 5172317 1787777
2752165 1392672 5798020 1781632
4799238 1380390 3618272 1999555
3836287 628088 3983417 1666539
2767439 1706947 2696595 1149046
3810808 1230472 3849274 1636087
5729108 1586313 5092709 1604933
4414078 2298999 3670852 1444451
4104319 1199264 4310220 1296804
4104319 1199264 4747022 1236873
2775172 1604094 3904502 1093287
4139117 1782268 4626967 1509704
2785002 1638488 2618581 985340
5723440 1726766 5378580 1533226
3756585 1607488 5757289 1831050
4538658 1565104 4422782 1666715
4538658 1565104 3692518 1172873
2577667 906985 2680501 1315310
2755532 1372751 2882552 1901116
2461708 887598 2580180 2295686
4153961 560712 4112732 431982
4153961 560712 2776049 1422323
5471687 1549178 5269296 1879344
4799935 1990071 4474673 1456726
3817201 1519173 4077168 1574290
3817201 1519173 2934288 2624188
4058834 1677552 3687768 1474044
3368389 2897067 3292474 2711186
3957603 574535 3833736 556083
3145288 1950291 3942319 1057531
3807879 1256449 3910767 1090571
4151892 1767736 4358686 1814889
2980821 2105766 5543041 1665245
2742370 2575602 3047963 1820130
4745218 1239970 4690901 1241699
3934172 1277799 3692518 1172873
2840849 1930216 3255083 1795100
3033873 2734390 3308404 2718932
5485476 1973302 5362777 1651161
5125660 1601997 5037138 1647977
5189862 1496433 5491303 1728689
4573240 1436703 4661286 1297229
5597055 1665114 4372382 1661952
5419728 1534642 4859317 1697029
4387821 1836803 3540045 1307542
4387821 1836803 2861525 1935132
3789533 658128 3705940 732099
5182272 1780467 5283078 1868330
4809876 2088365 4490397 1769859
2916398 2538718 2974699 2064119
2916398 2538718 2864597 1950439
5810936 1765959 5091372 1882267
4745698 1416958 4481512 1386603
2849650 1928995 5708144 1724510
4626298 1297504 5022657 1292783
2840339 1923166 3265793 1943134
4646290 1286049 4003117 513404
2815334 1942679 4155706 1776261
2815334 1942679 2748696 1286394
4016166 1251646 3557743 1335406
4016166 1251646 4457075 1664318
4240358 688764 3684472 730640
3566294 731585 4117894 454774
5170780 1790710 5524408 1653226
5170780 1790710 2592926 2741128
2580523 908548 2620526 1282473
5367789 1662888 5380211 1727033
5367789 1662888 2680501 1315310
5367789 1662888 3922779 532349
5116650 1506806 3894798 1094109
4217359 684987 5481423 1718094
2764711 1765360 3331567 1944361
4738659 1645000 4891749 1691774
4598040 1413387 4140494 1786855
2778560 2334047 2759943 2411404
3166046 1927328 3506403 1539748
3166046 1927328 4639283 1302708
5035307 1321650 4639283 1302708
5035307 1321650 3638029 1216743
2956347 1493898 2687599 1159191
4693987 1640920 5829860 1777452
3835294 1538880 3697226 1160440
3815797 1257858 3744486 1060983
3737828 573583 4003117 513404
4328518 1303492 3720070 1058810
2713536 1721472 2766632 1679689
4690761 1233274 4748167 1416880
4522704 2105335 4344795 2255168
3736322 1340730 4150771 1170418
5783823 1768764 5660754 1823370
3546123 1342190 4260185 1109182
3199916 1908858 2795130 1927633
2602437 1254816 4809566 2095498
4549433 1999807 4700224 1205516
2557239 3002872 2541549 2553043
4419212 1669096 4613629 1515093
4419212 1669096 3343496 1941086
2837653 2326098 2774860 2338109
2825659 1703975 2761293 1680522
4748801 1413438 3767415 666821
4381034 1661911 5415369 1665989
4132403 498846 4171477 818806
5131682 1509461 5494073 1728069
5008672 1643363 5723452 1698896
2789324 1765832 2814682 1934444
3274224 1944165 2718601 1705434
5448083 1698868 5201779 1703783
2663794 1908551 3263514 1796132
2758235 1381461 2825804 1718216
3832322 629097 3922779 532349
3309407 2726039 3012802 2585154
3804052 682751 4168660 548771
4525392 1586128 4701369 1225215
3475771 1139134 4181141 2048132
4273889 2259645 4526080 2105122
5423722 1704688 5713346 1581562
4377499 1829377 3012802 2585154
5207904 1719655 5319456 1365563
3767415 666821 4170405 549530
5708144 1724510 3994389 1937142
3029801 2570498 2952423 3033822
5679953 1834831 5380650 1528080
4820725 2093291 4521236 1751695
4358686 1814889 5319456 1365563
5033877 1638958 5194139 1791390
2658298 1259346 3460812 2758971
5403790 1543775 5194029 1505238
5403790 1543775 2583407 929476
4780801 1646067 4006784 1669361
4153394 510517 3730672 573721
4755414 1228003 4476793 1493015
4762089 1896123 3531008 728151
4219574 581439 3561452 725554
4163982 1159199 5757289 1831050
2617141 2927022 2617704 2684854
4124057 1208977 3895711 1092832
3934969 1191544 3998203 1258496
5359702 1665846 5550040 1664928
5523572 1667099 5188326 1499366
2542164 2568917 2796855 1762053
3726864 1146462 3212892 1832422
2776049 1422323 2451694 860106
5492570 1980619 3895711 1092832
4575864 1425776 4606170 1526680
4720512 1726262 5545849 1656295
4720512 1726262 4149066 507825
4926931 1690715 3999826 1667235
5466933 1719220 4182715 546195
5452294 1551351 5676541 1833723
3595696 1308117 5494073 1728069
2285040 2057796 2554511 2598047
2915444 2614064 3314043 2724662
2915444 2614064 4178134 2040400
3818500 1615428 4457075 1664318
4797839 1309591 4291555 2276758
3983902 516276 4141335 513253
2887418 1937745 3894798 1094109
4659909 1292643 4602167 1533019
4484122 1394948 4703334 1234319
5437666 1724236 5134368 1509644
2714112 1731503 4221724 2025759
4143224 1182161 3894798 1094109
3939431 1199411 3904502 1093287
2660726 2613243 2538665 2667409
3348042 1944724 2418750 1757742
2291811 1028302 2975194 1500131
3745560 568155 3840761 627392
4546410 1566097 4259994 1645862
5274003 1874263 5372847 1655877
5104866 1887855 3814058 681809
2555275 824427 2717022 2636298
4351468 1595814 4535588 1574161
3835675 1861268 3811455 1219749
4342738 1574044 3714475 1498436
4630704 1700914 4696354 1219749
4375571 1659294 5530079 1720934
4574637 1553104 4151142 1183570
2729299 2334692 2839823 2326261
4283347 2260676 4327462 2083476
4283347 2260676 4474673 1456726
2466644 2715372 2747070 2316163
4226015 1639170 5259973 1706626
5269296 1879344 2748696 1286394
2695282 1144450 2795010 1803451
4366134 1654156 5728263 1828828
5434896 1724857 5192548 1496615
3832711 1531112 3751468 1323555
4115695 436357 4016697 1251470
3821547 630264 4149066 507825
2658563 2630993 2584097 2294650
4753217 1223565 4522923 1586207
5206334 1506370 5145384 1520018
4248487 1113316 3791797 1255366
2951419 3026716 3050873 2719733
3571827 1323991 3487080 1568478
